# Mass   time       Teff     L/Ls     g       R/Rs    Log(Li/Li0)   logTc   logROc    Mrad     Rrad      k2conv   k2rad     
  0.6    5.690793   3988.0   0.171    3.402   2.552   0.0           6.269   -0.5046   0.0      0.0       0.4462   0.0       
  0.6    5.70374    3987.0   0.16     3.412   2.524   0.0           6.274   -0.4906   0.0      0.0       0.4463   0.0       
  0.6    5.710236   3986.0   0.155    3.416   2.51    0.0           6.276   -0.4836   0.0      0.0       0.4464   0.0       
  0.6    5.723266   3985.0   0.145    3.426   2.482   0.0           6.281   -0.4696   0.0      0.0       0.4465   0.0       
  0.6    5.729803   3984.0   0.14     3.431   2.469   0.0           6.283   -0.4626   0.0      0.0       0.4466   0.0       
  0.6    5.742912   3983.0   0.13     3.44    2.442   0.0           6.288   -0.4487   0.0      0.0       0.4467   0.0       
  0.6    5.749487   3982.0   0.125    3.445   2.428   0.0           6.29    -0.4417   0.0      0.0       0.4468   0.0       
  0.6    5.762672   3981.0   0.115    3.455   2.402   0.0           6.295   -0.4277   0.0      0.0       0.4469   0.0       
  0.6    5.769283   3981.0   0.11     3.46    2.388   0.0           6.297   -0.4207   0.0      0.0       0.447    0.0       
  0.6    5.782537   3979.0   0.1      3.469   2.362   0.0           6.302   -0.4067   0.0      0.0       0.4471   0.0       
  0.6    5.789181   3979.0   0.095    3.474   2.349   0.0           6.304   -0.3997   0.0      0.0       0.4472   0.0       
  0.6    5.802502   3977.0   0.084    3.483   2.323   0.0           6.309   -0.3857   0.0      0.0       0.4473   0.0       
  0.6    5.809178   3977.0   0.079    3.488   2.311   0.0           6.311   -0.3786   0.0      0.0       0.4474   0.0       
  0.6    5.822563   3975.0   0.069    3.498   2.285   0.0           6.316   -0.3646   0.0      0.0       0.4475   0.0       
  0.6    5.829268   3975.0   0.064    3.503   2.273   0.0           6.318   -0.3576   0.0      0.0       0.4475   0.0       
  0.6    5.84271    3973.0   0.054    3.512   2.248   0.0           6.322   -0.3435   0.0      0.0       0.4477   0.0       
  0.6    5.849444   3973.0   0.049    3.517   2.236   0.0           6.325   -0.3365   0.0      0.0       0.4477   0.0       
  0.6    5.86294    3972.0   0.039    3.526   2.211   0.0           6.329   -0.3225   0.0      0.0       0.4478   0.0       
  0.6    5.8697     3971.0   0.034    3.531   2.199   0.0           6.332   -0.3155   0.0      0.0       0.4479   0.0       
  0.6    5.883246   3970.0   0.024    3.541   2.175   0.0           6.336   -0.3014   0.0      0.0       0.448    0.0       
  0.6    5.890031   3969.0   0.019    3.546   2.163   0.0           6.339   -0.2944   0.0      0.0       0.4481   0.0       
  0.6    5.903623   3967.0   0.008    3.555   2.139   0.0           6.343   -0.2804   0.0      0.0       0.4482   0.0       
  0.6    5.910427   3967.0   0.003    3.56    2.128   0.0           6.346   -0.2734   0.0      0.0       0.4482   0.0       
  0.6    5.924058   3965.0   -0.007   3.569   2.104   0.0           6.35    -0.2594   0.0      0.0       0.4483   0.0       
  0.6    5.930882   3965.0   -0.012   3.574   2.093   0.0           6.352   -0.2524   0.0      0.0       0.4484   0.0       
  0.6    5.944548   3963.0   -0.022   3.584   2.07    0.0           6.357   -0.2384   0.0      0.0       0.4485   0.0       
  0.6    5.951388   3962.0   -0.027   3.588   2.059   0.0           6.359   -0.2314   0.0      0.0       0.4486   0.0       
  0.6    5.965087   3961.0   -0.037   3.598   2.036   0.0           6.364   -0.2175   0.0      0.0       0.4487   0.0       
  0.6    5.971943   3960.0   -0.043   3.603   2.025   0.0           6.366   -0.2106   0.0      0.0       0.4487   0.0       
  0.6    5.985672   3958.0   -0.053   3.612   2.003   0.0           6.37    -0.1967   0.0      0.0       0.4488   0.0       
  0.6    5.992542   3957.0   -0.058   3.617   1.992   0.0           6.373   -0.1897   0.0      0.0       0.4489   0.0       
  0.6    5.999419   3956.0   -0.063   3.622   1.982   0.0           6.375   -0.1828   0.0      0.0       0.4489   0.0       
  0.6    6.013183   3954.0   -0.073   3.631   1.96    0.0           6.38    -0.1689   0.0      0.0       0.449    0.0       
  0.6    6.020071   3954.0   -0.078   3.636   1.95    0.0           6.382   -0.162    0.0      0.0       0.4491   0.0       
  0.6    6.033862   3952.0   -0.089   3.645   1.928   0.0           6.386   -0.1482   0.0      0.0       0.4492   0.0       
  0.6    6.040761   3951.0   -0.094   3.65    1.918   0.0           6.389   -0.1413   0.0      0.0       0.4493   0.0       
  0.6    6.054579   3949.0   -0.104   3.659   1.897   0.0           6.393   -0.1275   0.0      0.0       0.4494   0.0       
  0.6    6.061494   3948.0   -0.109   3.664   1.887   0.0           6.396   -0.1206   0.0      0.0       0.4494   0.0       
  0.6    6.075346   3946.0   -0.12    3.674   1.867   0.0           6.4     -0.1069   0.0      0.0       0.4495   0.0       
  0.6    6.082275   3945.0   -0.125   3.678   1.857   0.0           6.402   -0.1      0.0      0.0       0.4496   0.0       
  0.6    6.089213   3944.0   -0.13    3.683   1.846   0.0           6.405   -0.0931   0.0      0.0       0.4496   0.0       
  0.6    6.103109   3942.0   -0.14    3.692   1.827   0.0           6.409   -0.0793   0.0      0.0       0.4497   0.0       
  0.6    6.110068   3941.0   -0.145   3.697   1.817   0.0           6.412   -0.0724   0.0      0.0       0.4498   0.0       
  0.6    6.124002   3938.0   -0.156   3.707   1.797   0.0           6.416   -0.0587   0.0      0.0       0.4499   0.0       
  0.6    6.13098    3937.0   -0.161   3.711   1.787   0.0           6.418   -0.0518   0.0      0.0       0.4499   0.0       
  0.6    6.144957   3935.0   -0.171   3.721   1.768   0.0           6.423   -0.038    0.0      0.0       0.45     0.0       
  0.6    6.151961   3934.0   -0.177   3.725   1.759   0.0           6.425   -0.0311   0.0      0.0       0.4501   0.0       
  0.6    6.165983   3932.0   -0.187   3.735   1.74    0.0           6.43    -0.0173   0.0      0.0       0.4502   0.0       
  0.6    6.173011   3930.0   -0.192   3.739   1.731   0.0           6.432   -0.0104   0.0      0.0       0.4502   0.0       
  0.6    6.180043   3929.0   -0.197   3.744   1.721   0.0           6.434   -0.0035   0.0      0.0       0.4503   0.0       
  0.6    6.194137   3927.0   -0.208   3.753   1.703   0.0           6.439   0.0103    0.0      0.0       0.4504   0.0       
  0.6    6.201195   3926.0   -0.213   3.758   1.694   0.0           6.441   0.0172    0.0      0.0       0.4504   0.0       
  0.6    6.215336   3923.0   -0.223   3.767   1.675   0.0           6.446   0.031     0.0      0.0       0.4505   0.0       
  0.6    6.22242    3922.0   -0.229   3.772   1.666   0.0           6.448   0.0379    0.0      0.0       0.4505   0.0       
  0.6    6.229513   3920.0   -0.234   3.777   1.658   0.0           6.45    0.0448    0.0      0.0       0.4506   0.0       
  0.6    6.243722   3918.0   -0.244   3.786   1.64    0.0           6.455   0.0586    0.0      0.0       0.4507   0.0       
  0.6    6.250839   3917.0   -0.25    3.791   1.631   0.0           6.457   0.0655    0.0      0.0       0.4507   0.0       
  0.6    6.265101   3914.0   -0.26    3.8     1.614   0.0           6.462   0.0793    0.0      0.0       0.4508   0.0       
  0.6    6.272241   3913.0   -0.265   3.805   1.605   0.0           6.464   0.0861    0.0      0.0       0.4508   0.0       
  0.6    6.279391   3911.0   -0.271   3.809   1.596   0.0           6.466   0.093     0.0      0.0       0.4509   0.0       
  0.6    6.293716   3909.0   -0.281   3.819   1.579   0.0           6.471   0.1068    0.0      0.0       0.4509   0.0       
  0.6    6.300889   3907.0   -0.287   3.823   1.571   0.0           6.473   0.1137    0.0      0.0       0.451    0.0       
  0.6    6.315259   3904.0   -0.297   3.833   1.554   0.0           6.477   0.1274    0.0      0.0       0.4511   0.0       
  0.6    6.322453   3903.0   -0.303   3.837   1.546   0.0           6.48    0.1343    0.0      0.0       0.4511   0.0       
  0.6    6.329654   3901.0   -0.308   3.842   1.537   0.0           6.482   0.1412    0.0      0.0       0.4511   0.0       
  0.6    6.34408    3898.0   -0.319   3.851   1.521   0.0           6.486   0.1549    0.0      0.0       0.4512   0.0       
  0.6    6.3513     3897.0   -0.324   3.856   1.513   0.0           6.489   0.1618    0.0      0.0       0.4512   0.0       
  0.6    6.365757   3894.0   -0.334   3.865   1.497   -4.0E-4       6.493   0.1755    0.0      0.0       0.4513   0.0       
  0.6    6.372991   3892.0   -0.34    3.87    1.489   -4.0E-4       6.495   0.1824    0.0      0.0       0.4513   0.0       
  0.6    6.380231   3891.0   -0.345   3.875   1.481   -4.0E-4       6.498   0.1892    0.0      0.0       0.4514   0.0       
  0.6    6.394727   3888.0   -0.356   3.884   1.465   -4.0E-4       6.502   0.2029    0.0      0.0       0.4515   0.0       
  0.6    6.401977   3886.0   -0.361   3.889   1.457   -4.0E-4       6.505   0.2098    0.0      0.0       0.4515   0.0       
  0.6    6.409235   3885.0   -0.367   3.893   1.449   -4.0E-4       6.507   0.2166    0.0      0.0       0.4516   0.0       
  0.6    6.423759   3881.0   -0.377   3.903   1.434   -4.0E-4       6.511   0.2303    0.0      0.0       0.4516   0.0       
  0.6    6.431026   3880.0   -0.383   3.907   1.426   -9.0E-4       6.513   0.2371    0.0      0.0       0.4517   0.0       
  0.6    6.445572   3876.0   -0.393   3.917   1.411   -9.0E-4       6.518   0.2507    0.0      0.0       0.4518   0.0       
  0.6    6.45285    3875.0   -0.399   3.921   1.404   -0.0013       6.52    0.2576    0.0      0.0       0.4518   0.0       
  0.6    6.460131   3873.0   -0.404   3.926   1.396   -0.0013       6.522   0.2644    0.0      0.0       0.4519   0.0       
  0.6    6.474706   3870.0   -0.415   3.935   1.381   -0.0017       6.527   0.278     0.0      0.0       0.452    0.0       
  0.6    6.481998   3868.0   -0.42    3.94    1.374   -0.0017       6.529   0.2848    0.0      0.0       0.452    0.0       
  0.6    6.489295   3866.0   -0.426   3.944   1.367   -0.0022       6.531   0.2916    0.0      0.0       0.4521   0.0       
  0.6    6.503901   3863.0   -0.437   3.954   1.352   -0.0026       6.536   0.3051    0.0      0.0       0.4521   0.0       
  0.6    6.511212   3861.0   -0.442   3.958   1.345   -0.0031       6.538   0.3119    0.0      0.0       0.4522   0.0       
  0.6    6.525847   3857.0   -0.453   3.968   1.331   -0.0039       6.543   0.3255    0.0      0.0       0.4523   0.0       
  0.6    6.533173   3856.0   -0.458   3.972   1.323   -0.0044       6.545   0.3323    0.0      0.0       0.4523   0.0       
  0.6    6.540506   3854.0   -0.464   3.977   1.316   -0.0052       6.547   0.3391    0.0      0.0       0.4524   0.0       
  0.6    6.555189   3850.0   -0.475   3.986   1.302   -0.0066       6.551   0.3527    0.0      0.0       0.4525   0.0       
  0.6    6.56254    3848.0   -0.48    3.991   1.296   -0.0074       6.554   0.3595    0.0      0.0       0.4525   0.0       
  0.6    6.569897   3846.0   -0.486   3.995   1.289   -0.0088       6.556   0.3663    0.0      0.0       0.4526   0.0       
  0.6    6.584636   3844.0   -0.496   4.005   1.275   -0.011        6.56    0.3799    0.0      0.0       0.4527   0.0       
  0.6    6.591348   3843.0   -0.501   4.009   1.269   -0.0123       6.562   0.3861    0.0      0.0       0.4527   0.0       
  0.6    6.602785   3842.0   -0.508   4.016   1.258   -0.015        6.566   0.3967    0.0      0.0       0.4528   0.0       
  0.6    6.612315   3841.0   -0.515   4.022   1.25    -0.0177       6.569   0.4055    0.0      0.0       0.4529   0.0       
  0.6    6.620495   3840.0   -0.521   4.027   1.242   -0.0205       6.571   0.4131    0.0      0.0       0.4529   0.0       
  0.6    6.630943   3839.0   -0.528   4.034   1.233   -0.0246       6.574   0.4228    0.0      0.0       0.453    0.0       
  0.6    6.639803   3838.0   -0.534   4.039   1.225   -0.0283       6.577   0.4311    0.0      0.0       0.453    0.0       
  0.6    6.649856   3836.0   -0.541   4.046   1.216   -0.0334       6.58    0.4404    0.0      0.0       0.4531   0.0       
  0.6    6.660408   3835.0   -0.548   4.052   1.207   -0.04         6.583   0.4503    0.0      0.0       0.4531   0.0       
  0.6    6.669361   3834.0   -0.554   4.058   1.199   -0.0467       6.586   0.4586    0.0      0.0       0.4532   0.0       
  0.6    6.679986   3833.0   -0.561   4.065   1.19    -0.056        6.589   0.4685    0.0      0.0       0.4532   0.0       
  0.6    6.689002   3832.0   -0.567   4.07    1.182   -0.0655       6.592   0.4769    0.0      0.0       0.4533   0.0       
  0.6    6.699901   3830.0   -0.575   4.077   1.173   -0.0788       6.595   0.4871    0.0      0.0       0.4533   0.0       
  0.6    6.709121   3829.0   -0.581   4.083   1.165   -0.0921       6.598   0.4957    0.0      0.0       0.4534   0.0       
  0.6    6.719317   3828.0   -0.588   4.09    1.156   -0.1096       6.601   0.5053    0.0      0.0       0.4534   0.0       
  0.6    6.729272   3826.0   -0.595   4.096   1.148   -0.1296       6.604   0.5146    0.0      0.0       0.4535   0.0       
  0.6    6.739389   3825.0   -0.602   4.102   1.14    -0.1537       6.607   0.524     0.0      0.0       0.4535   0.0       
  0.6    6.749386   3824.0   -0.609   4.108   1.131   -0.1818       6.61    0.5334    0.0      0.0       0.4536   0.0       
  0.6    6.759224   3822.0   -0.616   4.115   1.123   -0.214        6.613   0.5426    3.0E-4   0.04849   0.4536   5.67E-4   
  0.6    6.769275   3821.0   -0.623   4.121   1.115   -0.2518       6.616   0.552     0.0011   0.0758    0.4536   0.001823  
  0.6    6.779314   3819.0   -0.63    4.127   1.107   -0.295        6.619   0.5615    0.0019   0.09109   0.4537   0.002932  
  0.6    6.78922    3818.0   -0.637   4.133   1.099   -0.342        6.622   0.5709    0.0026   0.1002    0.4537   0.003788  
  0.6    6.799181   3816.0   -0.644   4.14    1.091   -0.3925       6.625   0.5803    0.0049   0.1231    0.4537   0.00637   
  0.6    6.809103   3815.0   -0.651   4.146   1.084   -0.4486       6.628   0.5898    0.0067   0.1361    0.4537   0.008329  
  0.6    6.819252   3813.0   -0.658   4.152   1.076   -0.51         6.631   0.5995    0.0086   0.1466    0.4537   0.0102    
  0.6    6.829235   3811.0   -0.665   4.159   1.068   -0.5751       6.634   0.6091    0.0104   0.1554    0.4537   0.012     
  0.6    6.839108   3810.0   -0.672   4.165   1.06    -0.644        6.637   0.6187    0.014    0.171     0.4536   0.01545   
  0.6    6.849265   3808.0   -0.679   4.171   1.053   -0.7212       6.639   0.6285    0.016    0.1777    0.4536   0.0173    
  0.6    6.861283   3806.0   -0.687   4.179   1.043   -0.8013       6.643   0.6402    0.018    0.1835    0.4536   0.01911   
  0.6    6.873091   3804.0   -0.696   4.186   1.035   -0.8729       6.646   0.6517    0.022    0.1952    0.4534   0.02264   
  0.6    6.88509    3802.0   -0.704   4.194   1.026   -0.9393       6.649   0.6634    0.026    0.2052    0.4533   0.02609   
  0.6    6.89254    3800.0   -0.709   4.198   1.02    -0.9788       6.651   0.6707    0.026    0.2041    0.4533   0.02608   
  0.6    6.900002   3799.0   -0.715   4.203   1.015   -1.0182       6.653   0.678     0.0304   0.2145    0.4531   0.02979   
  0.6    6.914931   3797.0   -0.725   4.212   1.004   -1.1018       6.657   0.6928    0.0349   0.2227    0.4529   0.03342   
  0.6    6.922396   3795.0   -0.73    4.217   0.999   -1.1463       6.659   0.7002    0.0349   0.2215    0.4529   0.03341   
  0.6    6.929864   3794.0   -0.735   4.221   0.994   -1.1904       6.661   0.7076    0.0393   0.2299    0.4526   0.03699   
  0.6    6.944807   3792.0   -0.746   4.231   0.983   -1.284        6.665   0.7226    0.0437   0.2363    0.4523   0.04049   
  0.6    6.952284   3790.0   -0.751   4.235   0.978   -1.3298       6.666   0.7301    0.0481   0.2433    0.452    0.04396   
  0.6    6.959764   3789.0   -0.756   4.24    0.973   -1.3799       6.668   0.7376    0.0481   0.242     0.4521   0.04395   
  0.6    6.974739   3786.0   -0.767   4.249   0.962   -1.4815       6.672   0.7528    0.0526   0.2471    0.4517   0.04735   
  0.6    6.982234   3785.0   -0.772   4.254   0.957   -1.5331       6.674   0.7605    0.057    0.2531    0.4514   0.05074   
  0.6    6.989737   3784.0   -0.777   4.258   0.952   -1.585        6.676   0.7681    0.0614   0.2588    0.451    0.05409   
  0.6    7.004764   3781.0   -0.788   4.267   0.942   -1.6946       6.679   0.7836    0.0658   0.2626    0.4506   0.05738   
  0.6    7.012289   3779.0   -0.793   4.272   0.937   -1.7496       6.681   0.7913    0.0702   0.2676    0.4501   0.06067   
  0.6    7.019822   3778.0   -0.798   4.277   0.932   -1.8069       6.683   0.7991    0.0702   0.2661    0.4501   0.06064   
  0.6    7.034925   3775.0   -0.809   4.286   0.922   -1.9281       6.687   0.8149    0.0747   0.2692    0.4497   0.06387   
  0.6    7.042493   3774.0   -0.814   4.29    0.918   -1.9872       6.688   0.8228    0.0791   0.2736    0.4492   0.0671    
  0.6    7.050074   3772.0   -0.819   4.295   0.913   -2.0487       6.69    0.8308    0.0835   0.2777    0.4487   0.07031   
  0.6    7.065277   3769.0   -0.83    4.304   0.903   -2.1746       6.694   0.8468    0.0879   0.2801    0.4481   0.07345   
  0.6    7.072904   3768.0   -0.835   4.309   0.898   -2.2388       6.696   0.8549    0.0924   0.2838    0.4476   0.07662   
  0.6    7.080547   3766.0   -0.84    4.314   0.893   -2.3036       6.697   0.863     0.0968   0.2873    0.447    0.07976   
  0.6    7.095884   3763.0   -0.851   4.323   0.884   -2.4401       6.701   0.8795    0.1012   0.289     0.4464   0.08282   
  0.6    7.103581   3762.0   -0.856   4.327   0.879   -2.5086       6.703   0.8877    0.1056   0.2922    0.4457   0.08593   
  0.6    7.111299   3760.0   -0.862   4.332   0.875   -2.5768       6.705   0.8961    0.1101   0.2953    0.4451   0.08901   
  0.6    7.119041   3759.0   -0.867   4.337   0.87    -2.6498       6.706   0.9045    0.1101   0.2935    0.445    0.08894   
  0.6    7.134588   3756.0   -0.877   4.346   0.861   -2.7932       6.71    0.9214    0.1189   0.2992    0.4436   0.09506   
  0.6    7.142399   3755.0   -0.883   4.35    0.856   -2.8665       6.712   0.93      0.1233   0.3018    0.4429   0.09809   
  0.6    7.150234   3753.0   -0.888   4.355   0.852   -2.9393       6.714   0.9386    0.1277   0.3043    0.4421   0.1011    
  0.6    7.165864   3750.0   -0.898   4.364   0.843   -3.0926       6.717   0.9559    0.1322   0.3049    0.4413   0.104     
  0.6    7.173635   3749.0   -0.904   4.369   0.838   -3.1694       6.719   0.9646    0.1366   0.3072    0.4405   0.107     
  0.6    7.181375   3748.0   -0.909   4.373   0.834   -3.2457       6.721   0.9732    0.141    0.3095    0.4396   0.11      
  0.6    7.189089   3747.0   -0.914   4.378   0.83    -3.3215       6.723   0.9819    0.1454   0.3116    0.4388   0.1129    
  0.6    7.204421   3744.0   -0.924   4.387   0.821   -3.4815       6.726   0.9992    0.1499   0.3119    0.4378   0.1157    
  0.6    7.212041   3743.0   -0.929   4.391   0.817   -3.5622       6.728   1.0078    0.1543   0.3139    0.4369   0.1187    
  0.6    7.219634   3742.0   -0.934   4.395   0.813   -3.6402       6.73    1.0165    0.1587   0.3158    0.4359   0.1216    
  0.6    7.234725   3740.0   -0.943   4.404   0.805   -3.7986       6.733   1.0338    0.1675   0.3195    0.434    0.1274    
  0.6    7.242226   3739.0   -0.948   4.408   0.801   -3.8794       6.735   1.0425    0.1707   0.3202    0.4332   0.1293    
  0.6    7.249697   3738.0   -0.952   4.413   0.797   -3.9586       6.737   1.0511    0.1738   0.3208    0.4324   0.1313    
  0.6    7.264546   3737.0   -0.962   4.421   0.789   -4.1267       6.74    1.0684    0.1769   0.3196    0.4315   0.1331    
  0.6    7.271928   3736.0   -0.966   4.425   0.786   -4.2104       6.742   1.0771    0.1828   0.3224    0.4301   0.137     
  0.6    7.279277   3735.0   -0.971   4.429   0.782   -4.2924       6.744   1.0858    0.1887   0.3251    0.4287   0.1408    
  0.6    7.293888   3734.0   -0.979   4.437   0.775   -4.4609       6.747   1.1031    0.1946   0.3259    0.427    0.1444    
  0.6    7.301149   3733.0   -0.984   4.441   0.771   -4.5482       6.749   1.1117    0.1946   0.324     0.4269   0.1442    
  0.6    7.31558    3733.0   -0.992   4.449   0.764   -4.7167       6.752   1.1291    0.2063   0.3291    0.4238   0.1518    
  0.6    7.32275    3732.0   -0.996   4.453   0.761   -4.8013       6.754   1.1377    0.2063   0.3272    0.4236   0.1515    
  0.6    7.32989    3732.0   -1.0     4.457   0.757   -4.8861       6.755   1.1464    0.2122   0.3297    0.422    0.1553    
  0.6    7.34408    3731.0   -1.008   4.465   0.75    -5.0487       6.759   1.1637    0.2181   0.3302    0.4201   0.1588    
  0.6    7.351129   3731.0   -1.012   4.469   0.747   -5.1284       6.761   1.1724    0.224    0.3325    0.4184   0.1625    
  0.6    7.365145   3731.0   -1.02    4.476   0.741   -5.2782       6.764   1.1897    0.232    0.3344    0.4158   0.1673    
  0.6    7.372109   3731.0   -1.024   4.48    0.738   -5.3546       6.766   1.1984    0.232    0.3326    0.4156   0.1671    
  0.6    7.379046   3731.0   -1.027   4.484   0.734   -5.4306       6.767   1.2071    0.236    0.3335    0.4143   0.1694    
  0.6    7.392839   3731.0   -1.034   4.491   0.728   -5.5751       6.771   1.2244    0.2471   0.3374    0.4107   0.1764    
  0.6    7.399694   3731.0   -1.038   4.495   0.725   -5.6498       6.772   1.2331    0.2471   0.3355    0.4105   0.176     
  0.6    7.413325   3731.0   -1.045   4.502   0.719   -5.7986       6.776   1.2504    0.2527   0.3356    0.4084   0.1791    
  0.6    7.420099   3732.0   -1.048   4.505   0.716   -5.8729       6.778   1.2591    0.2583   0.3375    0.4065   0.1825    
  0.6    7.433567   3733.0   -1.055   4.512   0.711   -6.0223       6.781   1.2764    0.2638   0.3375    0.4043   0.1856    
  0.6    7.440257   3734.0   -1.058   4.516   0.708   -6.0958       6.783   1.2851    0.2694   0.3394    0.4023   0.189     
  0.6    7.453557   3735.0   -1.064   4.522   0.703   -6.2411       6.786   1.3025    0.275    0.3393    0.4      0.1919    
  0.6    7.460165   3736.0   -1.067   4.526   0.7     -6.3134       6.788   1.3112    0.2806   0.3412    0.3979   0.1953    
  0.6    7.473303   3738.0   -1.072   4.532   0.695   -6.4572       6.791   1.3285    0.2854   0.3406    0.3957   0.1977    
  0.6    7.479834   3739.0   -1.075   4.535   0.692   -6.5302       6.793   1.3372    0.2903   0.342     0.3938   0.2006    
  0.6    7.492819   3741.0   -1.081   4.542   0.687   -6.6696       6.797   1.3545    0.2985   0.3436    0.3903   0.2052    
  0.6    7.499275   3742.0   -1.083   4.545   0.684   -6.7399       6.798   1.3632    0.3018   0.344     0.3888   0.207     
  0.6    7.512117   3744.0   -1.088   4.551   0.68    -6.8794       6.802   1.3806    0.3086   0.3446    0.3858   0.2106    
  0.6    7.52487    3747.0   -1.093   4.557   0.675   -7.0155       6.806   1.3979    0.3153   0.3453    0.3826   0.2141    
  0.6    7.531213   3748.0   -1.095   4.56    0.673   -7.083        6.807   1.4066    0.3186   0.3456    0.381    0.2158    
  0.6    7.543838   3751.0   -1.1     4.566   0.668   -7.2175       6.811   1.4239    0.3253   0.3463    0.3777   0.2193    
  0.6    7.550118   3753.0   -1.102   4.569   0.666   -7.284        6.813   1.4326    0.3287   0.3466    0.3761   0.221     
  0.6    7.562616   3756.0   -1.106   4.575   0.662   -7.4157       6.816   1.45      0.3354   0.3473    0.3727   0.2245    
  0.6    7.575034   3760.0   -1.11    4.58    0.657   -7.5436       6.82    1.4673    0.3421   0.348     0.3692   0.2278    
  0.6    7.581216   3762.0   -1.112   4.583   0.655   -7.6038       6.822   1.476     0.3489   0.3505    0.3659   0.2318    
  0.6    7.593525   3766.0   -1.115   4.588   0.651   -7.719        6.826   1.4933    0.3556   0.3513    0.3623   0.2351    
  0.6    7.599654   3768.0   -1.117   4.591   0.649   -7.7747       6.827   1.502     0.3589   0.3517    0.3604   0.2367    
  0.6    7.611865   3773.0   -1.12    4.596   0.646   -7.8861       6.831   1.5193    0.3656   0.3524    0.3566   0.24      
  0.6    7.624018   3778.0   -1.122   4.601   0.642   -8.0013       6.835   1.5367    0.369    0.351     0.3542   0.2408    
  0.6    7.630075   3780.0   -1.124   4.603   0.64    -8.058        6.837   1.5454    0.3724   0.3514    0.3523   0.2424    
  0.6    7.642153   3786.0   -1.126   4.608   0.637   -8.1643       6.841   1.5627    0.3816   0.354     0.347    0.2473    
  0.6    7.654189   3791.0   -1.128   4.613   0.633   -8.2684       6.845   1.58      0.3875   0.3543    0.3432   0.2498    
  0.6    7.660193   3794.0   -1.129   4.615   0.632   -8.3215       6.847   1.5887    0.3875   0.3525    0.3428   0.249     
  0.6    7.672177   3801.0   -1.13    4.619   0.628   -8.4134       6.851   1.606     0.3992   0.3569    0.3359   0.2555    
  0.6    7.684137   3808.0   -1.131   4.623   0.625   -8.5058       6.855   1.6233    0.4026   0.3556    0.3332   0.2561    
  0.6    7.690109   3813.0   -1.131   4.625   0.624   -8.5513       6.857   1.632     0.4059   0.3562    0.3309   0.2576    
  0.6    7.702048   3821.0   -1.131   4.63    0.621   -8.6345       6.862   1.6493    0.4127   0.3573    0.3263   0.2605    
  0.6    7.713988   3830.0   -1.131   4.634   0.618   -8.7122       6.866   1.6666    0.4194   0.3584    0.3216   0.2633    
  0.6    7.719962   3834.0   -1.131   4.635   0.617   -8.7496       6.868   1.6752    0.4227   0.3591    0.3192   0.2647    
  0.6    7.731928   3844.0   -1.131   4.639   0.614   -8.8153       6.872   1.6925    0.4294   0.3603    0.3142   0.2675    
  0.6    7.74392    3853.0   -1.13    4.643   0.612   -8.8894       6.877   1.7097    0.4328   0.3592    0.3112   0.2678    
  0.6    7.749929   3859.0   -1.129   4.645   0.61    -8.9208       6.879   1.7183    0.4362   0.3599    0.3087   0.2692    
  0.6    7.76198    3869.0   -1.128   4.648   0.608   -8.983        6.884   1.7355    0.4429   0.3613    0.3034   0.2718    
  0.6    7.774086   3880.0   -1.126   4.651   0.606   -9.0353       6.889   1.7525    0.4496   0.3629    0.298    0.2745    
  0.6    7.780163   3886.0   -1.126   4.653   0.604   -9.0595       6.891   1.761     0.453    0.3637    0.2953   0.2757    
  0.6    7.792376   3898.0   -1.123   4.656   0.602   -9.1073       6.897   1.7778    0.4563   0.3627    0.292    0.2759    
  0.6    7.80468    3912.0   -1.12    4.659   0.6     -9.1524       6.902   1.7945    0.463    0.3645    0.2863   0.2784    
  0.6    7.810867   3920.0   -1.118   4.661   0.599   -9.172        6.904   1.8028    0.4664   0.3654    0.2833   0.2797    
  0.6    7.823327   3935.0   -1.114   4.664   0.597   -9.2076       6.91    1.8191    0.4723   0.3667    0.278    0.2816    
  0.6    7.829604   3943.0   -1.113   4.665   0.596   -9.2277       6.913   1.8271    0.4723   0.3648    0.2775   0.2804    
  0.6    7.842153   3958.0   -1.109   4.668   0.594   -9.2596       6.918   1.8428    0.4798   0.3677    0.2707   0.2836    
  0.6    7.854757   3974.0   -1.105   4.671   0.592   -9.2882       6.924   1.858     0.4832   0.367     0.2671   0.2837    
  0.6    7.86103    3982.0   -1.103   4.673   0.591   -9.301        6.927   1.8652    0.4865   0.3682    0.2639   0.2851    
  0.6    7.873682   3997.0   -1.099   4.676   0.589   -9.327        6.933   1.8792    0.4899   0.3677    0.2602   0.2852    
  0.6    7.880036   4006.0   -1.097   4.677   0.588   -9.3382       6.936   1.8859    0.4933   0.369     0.2569   0.2867    
  0.6    7.892953   4023.0   -1.093   4.68    0.586   -9.3605       6.942   1.8986    0.4966   0.3686    0.2532   0.287     
  0.6    7.899425   4032.0   -1.091   4.682   0.584   -9.3706       6.945   1.9045    0.5      0.37      0.2498   0.2885    
  0.6    7.912044   4047.0   -1.088   4.685   0.582   -9.3872       6.952   1.9148    0.5033   0.3699    0.246    0.2892    
  0.6    7.919437   4055.0   -1.086   4.688   0.581   -9.3958       6.955   1.9201    0.5067   0.3714    0.2425   0.2907    
  0.6    7.93527    4071.0   -1.084   4.692   0.578   -9.4157       6.964   1.9289    0.51     0.3707    0.2385   0.2913    
  0.6    7.941121   4076.0   -1.083   4.694   0.577   -9.4237       6.967   1.9313    0.51     0.3693    0.2383   0.2907    
  0.6    7.952569   4085.0   -1.083   4.697   0.575   -9.4365       6.973   1.935     0.5133   0.3699    0.2347   0.2921    
  0.6    7.963761   4092.0   -1.083   4.701   0.572   -9.4498       6.978   1.937     0.5171   0.3715    0.2304   0.2944    
  0.6    7.969272   4095.0   -1.084   4.702   0.571   -9.4547       6.981   1.9375    0.5171   0.3703    0.2303   0.2941    
  0.6    7.980145   4099.0   -1.086   4.706   0.569   -9.4672       6.985   1.9375    0.5171   0.3681    0.2301   0.2938    
  0.6    7.99085    4100.0   -1.089   4.71    0.566   -9.4789       6.988   1.9361    0.521    0.3704    0.2259   0.2969    
  0.6    8.001418   4100.0   -1.093   4.713   0.564   -9.4895       6.991   1.9337    0.521    0.3687    0.2259   0.2972    
  0.6    8.011883   4097.0   -1.098   4.717   0.561   -9.5003       6.993   1.9303    0.521    0.3671    0.2259   0.2978    
  0.6    8.022272   4091.0   -1.104   4.721   0.559   -9.5114       6.995   1.9263    0.521    0.3659    0.2261   0.2987    
  0.6    8.032611   4084.0   -1.111   4.725   0.556   -9.5243       6.996   1.9218    0.521    0.3648    0.2263   0.2998    
  0.6    8.042918   4075.0   -1.119   4.729   0.554   -9.5361       6.996   1.9172    0.521    0.364     0.2265   0.3011    
  0.6    8.053209   4065.0   -1.126   4.732   0.552   -9.5482       6.997   1.9124    0.521    0.3634    0.2269   0.3025    
  0.6    8.063483   4054.0   -1.134   4.735   0.55    -9.5607       6.997   1.9077    0.521    0.3631    0.2272   0.304     
  0.6    8.073744   4042.0   -1.142   4.738   0.548   -9.5719       6.996   1.9033    0.521    0.3629    0.2276   0.3054    
  0.6    8.084926   4030.0   -1.15    4.741   0.546   -9.6003       6.995   1.8991    0.5171   0.3589    0.232    0.3038    
  0.6    8.092096   4023.0   -1.154   4.742   0.546   -9.6126       6.995   1.8967    0.5171   0.359     0.2323   0.3046    
  0.6    8.100543   4016.0   -1.159   4.743   0.545   -9.6253       6.994   1.8942    0.5171   0.3592    0.2325   0.3055    
  0.6    8.110468   4008.0   -1.163   4.744   0.544   -9.6383       6.994   1.8918    0.5171   0.3595    0.2328   0.3064    
  0.6    8.122085   4001.0   -1.167   4.745   0.544   -9.6536       6.993   1.8896    0.5171   0.3599    0.2331   0.3072    
  0.6    8.135629   3996.0   -1.169   4.745   0.544   -9.6861       6.992   1.8875    0.5133   0.3567    0.2372   0.3048    
  0.6    8.151342   3992.0   -1.171   4.745   0.544   -9.7122       6.991   1.8855    0.5133   0.3573    0.2374   0.3053    
  0.6    8.169478   3989.0   -1.171   4.744   0.544   -9.7399       6.99    1.8838    0.5133   0.3579    0.2376   0.3056    
  0.6    8.190284   3987.0   -1.171   4.743   0.545   -9.7696       6.989   1.8822    0.5133   0.3586    0.2377   0.3058    
  0.6    8.214006   3986.0   -1.17    4.742   0.546   -9.8097       6.988   1.8803    0.51     0.3561    0.2409   0.3034    
  0.6    8.240859   3985.0   -1.17    4.741   0.546   -9.8508       6.987   1.8781    0.51     0.3568    0.241    0.3036    
  0.6    8.271035   3984.0   -1.17    4.74    0.547   -9.8928       6.987   1.8756    0.51     0.3574    0.2411   0.3039    
  0.6    8.30468    3981.0   -1.17    4.739   0.547   -9.9355       6.986   1.8728    0.51     0.358     0.2412   0.3042    
  0.6    8.341887   3979.0   -1.17    4.738   0.548   -9.9788       6.985   1.87      0.51     0.3587    0.2414   0.3046    
  0.6    8.382698   3977.0   -1.17    4.738   0.548   -10.0255      6.984   1.868     0.51     0.3593    0.2415   0.3049    
  0.6    8.427093   3975.0   -1.17    4.737   0.549   -10.0768      6.983   1.8657    0.5067   0.3568    0.2449   0.3026    
  0.6    8.474992   3972.0   -1.17    4.736   0.549   -10.1249      6.982   1.8632    0.5067   0.3574    0.245    0.3029    
  0.6    8.518805   3971.0   -1.17    4.735   0.55    -10.1694      6.982   1.862     0.5067   0.3579    0.2451   0.3031    
  0.6    8.558599   3970.0   -1.17    4.735   0.55    -10.2104      6.981   1.8606    0.5067   0.3584    0.2452   0.3034    
  0.6    8.595053   3969.0   -1.17    4.734   0.55    -10.248       6.98    1.8607    0.5067   0.3587    0.2452   0.3034    
  0.6    8.628681   3969.0   -1.17    4.734   0.551   -10.2815      6.98    1.8601    0.5067   0.359     0.2452   0.3035    
  0.6    8.659891   3969.0   -1.169   4.733   0.551   -10.3125      6.979   1.8605    0.5067   0.3593    0.2452   0.3035    
  0.6    8.689009   3968.0   -1.169   4.733   0.551   -10.3401      6.979   1.8602    0.5067   0.3595    0.2453   0.3035    
  0.6    8.716296   3968.0   -1.169   4.732   0.552   -10.3645      6.978   1.8609    0.5067   0.3597    0.2453   0.3035    
  0.6    8.741969   3968.0   -1.168   4.732   0.552   -10.3872      6.978   1.8615    0.5067   0.3598    0.2453   0.3035    
  0.6    8.766209   3969.0   -1.168   4.732   0.552   -10.4056      6.977   1.8624    0.5067   0.36      0.2453   0.3034    
  0.6    8.789167   3969.0   -1.167   4.731   0.552   -10.4225      6.977   1.8629    0.5067   0.3601    0.2453   0.3034    
  0.6    8.810973   3969.0   -1.167   4.731   0.552   -10.4377      6.976   1.8633    0.5067   0.3603    0.2453   0.3034    
  0.6    8.831735   3969.0   -1.167   4.731   0.553   -10.451       6.976   1.8636    0.5067   0.3604    0.2453   0.3034    
  0.6    8.851551   3968.0   -1.167   4.731   0.553   -10.4622      6.975   1.8638    0.5067   0.3606    0.2453   0.3034    
  0.6    8.870502   3968.0   -1.166   4.73    0.553   -10.4609      6.975   1.8637    0.5033   0.3576    0.2485   0.3009    
  0.6    8.88866    3968.0   -1.166   4.73    0.553   -10.4647      6.975   1.8639    0.5033   0.3577    0.2485   0.3009    
  0.6    8.906089   3968.0   -1.166   4.73    0.553   -10.4672      6.974   1.8642    0.5033   0.3579    0.2485   0.3009    
  0.6    8.922845   3968.0   -1.166   4.73    0.553   -10.4698      6.974   1.8643    0.5033   0.358     0.2485   0.3009    
  0.6    8.938979   3968.0   -1.166   4.729   0.554   -10.4724      6.974   1.8643    0.5033   0.3581    0.2486   0.3009    
  0.6    8.954535   3968.0   -1.166   4.729   0.554   -10.4737      6.974   1.8643    0.5033   0.3582    0.2486   0.301     
  0.6    8.969553   3967.0   -1.165   4.729   0.554   -10.4763      6.973   1.8643    0.5033   0.3583    0.2486   0.301     
  0.6    8.984069   3967.0   -1.165   4.729   0.554   -10.4776      6.973   1.8643    0.5033   0.3584    0.2486   0.301     
  0.6    8.998116   3967.0   -1.165   4.728   0.554   -10.4789      6.973   1.8644    0.5033   0.3585    0.2486   0.301     
  0.6    9.011723   3967.0   -1.165   4.728   0.554   -10.4802      6.973   1.8644    0.5033   0.3586    0.2486   0.301     
  0.6    9.024916   3967.0   -1.165   4.728   0.554   -10.4815      6.973   1.8645    0.5033   0.3587    0.2486   0.301     
  0.6    9.037721   3967.0   -1.165   4.728   0.554   -10.4828      6.973   1.8646    0.5033   0.3588    0.2486   0.301     
  0.6    9.050155   3967.0   -1.164   4.728   0.555   -10.4841      6.973   1.8647    0.5033   0.3589    0.2486   0.301     
  0.6    9.062247   3967.0   -1.164   4.728   0.555   -10.4855      6.973   1.8648    0.5033   0.359     0.2486   0.301     
  0.6    9.074011   3967.0   -1.164   4.727   0.555   -10.4868      6.973   1.8649    0.5033   0.3591    0.2486   0.301     
  0.6    9.085465   3967.0   -1.164   4.727   0.555   -10.4868      6.973   1.865     0.5033   0.3591    0.2486   0.301     
  0.6    9.096625   3967.0   -1.164   4.727   0.555   -10.4881      6.973   1.8651    0.5033   0.3592    0.2486   0.301     
  0.6    9.107502   3967.0   -1.163   4.727   0.555   -10.4881      6.973   1.8652    0.5033   0.3593    0.2486   0.301     
  0.6    9.118116   3967.0   -1.163   4.727   0.555   -10.4895      6.972   1.8653    0.5033   0.3594    0.2486   0.3009    
  0.6    9.128477   3967.0   -1.163   4.727   0.555   -10.4895      6.972   1.8655    0.5033   0.3594    0.2486   0.3009    
  0.6    9.138596   3968.0   -1.163   4.726   0.555   -10.4908      6.972   1.8656    0.5033   0.3595    0.2486   0.3009    
  0.6    9.148485   3968.0   -1.163   4.726   0.555   -10.4908      6.972   1.8657    0.5033   0.3595    0.2486   0.3009    
  0.6    9.158151   3968.0   -1.163   4.726   0.556   -10.4921      6.972   1.8659    0.5033   0.3596    0.2486   0.3009    
  0.6    9.16761    3968.0   -1.162   4.726   0.556   -10.4921      6.972   1.866     0.5033   0.3597    0.2486   0.3009    
  0.6    9.176867   3968.0   -1.162   4.726   0.556   -10.4921      6.972   1.8662    0.5033   0.3597    0.2486   0.3009    
  0.6    9.18593    3968.0   -1.162   4.726   0.556   -10.4935      6.972   1.8664    0.5033   0.3598    0.2486   0.3009    
  0.6    9.194808   3968.0   -1.162   4.726   0.556   -10.4935      6.972   1.8665    0.5033   0.3598    0.2486   0.3009    
  0.6    9.203506   3968.0   -1.162   4.726   0.556   -10.4935      6.972   1.8667    0.5033   0.3599    0.2486   0.3008    
  0.6    9.212036   3968.0   -1.162   4.725   0.556   -10.4949      6.972   1.8668    0.5033   0.3599    0.2486   0.3008    
  0.6    9.220401   3968.0   -1.161   4.725   0.556   -10.4949      6.972   1.867     0.5033   0.36      0.2486   0.3008    
  0.6    9.228608   3968.0   -1.161   4.725   0.556   -10.4949      6.972   1.8672    0.5033   0.36      0.2486   0.3008    
  0.6    9.236663   3968.0   -1.161   4.725   0.556   -10.4949      6.972   1.8674    0.5033   0.3601    0.2486   0.3008    
  0.6    9.244571   3969.0   -1.161   4.725   0.556   -10.4949      6.972   1.8675    0.5033   0.3601    0.2486   0.3008    
  0.6    9.252336   3969.0   -1.161   4.725   0.556   -10.4962      6.972   1.8677    0.5033   0.3602    0.2486   0.3007    
  0.6    9.259966   3969.0   -1.161   4.725   0.557   -10.4962      6.972   1.8679    0.5033   0.3602    0.2486   0.3007    
  0.6    9.267465   3969.0   -1.16    4.725   0.557   -10.4962      6.972   1.8681    0.5033   0.3602    0.2486   0.3007    
  0.6    9.274836   3969.0   -1.16    4.724   0.557   -10.4962      6.972   1.8683    0.5033   0.3603    0.2486   0.3007    
  0.6    9.282085   3969.0   -1.16    4.724   0.557   -10.4962      6.972   1.8685    0.5033   0.3603    0.2486   0.3007    
  0.6    9.289212   3969.0   -1.16    4.724   0.557   -10.4962      6.972   1.8686    0.5033   0.3604    0.2486   0.3006    
  0.6    9.296226   3969.0   -1.16    4.724   0.557   -10.4976      6.972   1.8688    0.5033   0.3604    0.2486   0.3006    
  0.6    9.303129   3969.0   -1.16    4.724   0.557   -10.4976      6.972   1.869     0.5033   0.3604    0.2486   0.3006    
  0.6    9.309924   3970.0   -1.159   4.724   0.557   -10.4976      6.972   1.8692    0.5033   0.3605    0.2486   0.3006    
  0.6    9.316614   3970.0   -1.159   4.724   0.557   -10.4976      6.972   1.8694    0.5033   0.3605    0.2486   0.3006    
  0.6    9.323201   3970.0   -1.159   4.724   0.557   -10.4976      6.972   1.8696    0.5033   0.3605    0.2486   0.3005    
  0.6    9.329691   3970.0   -1.159   4.724   0.557   -10.4976      6.972   1.8698    0.5033   0.3606    0.2486   0.3005    
  0.6    9.336085   3970.0   -1.159   4.723   0.557   -10.4976      6.972   1.87      0.5033   0.3606    0.2486   0.3005    
  0.6    9.342387   3970.0   -1.159   4.723   0.557   -10.4976      6.972   1.8702    0.5033   0.3606    0.2486   0.3005    
  0.6    9.348599   3970.0   -1.158   4.723   0.557   -10.4976      6.972   1.8704    0.5033   0.3607    0.2486   0.3005    
  0.6    9.354721   3970.0   -1.158   4.723   0.558   -10.4989      6.972   1.8706    0.5033   0.3607    0.2486   0.3004    
  0.6    9.36076    3971.0   -1.158   4.723   0.558   -10.4989      6.972   1.8708    0.5033   0.3607    0.2486   0.3004    
  0.6    9.366716   3971.0   -1.158   4.723   0.558   -10.4989      6.972   1.871     0.5033   0.3608    0.2486   0.3004    
  0.6    9.372592   3971.0   -1.158   4.723   0.558   -10.4989      6.972   1.8712    0.5033   0.3608    0.2486   0.3004    
  0.6    9.378389   3971.0   -1.158   4.723   0.558   -10.4989      6.972   1.8714    0.5033   0.3608    0.2485   0.3004    
  0.6    9.38411    3971.0   -1.158   4.723   0.558   -10.4989      6.972   1.8717    0.5033   0.3609    0.2485   0.3003    
  0.6    9.389754   3971.0   -1.157   4.723   0.558   -10.4989      6.972   1.8719    0.5033   0.3609    0.2485   0.3003    
  0.6    9.395328   3971.0   -1.157   4.722   0.558   -10.4989      6.972   1.8721    0.5033   0.3609    0.2485   0.3003    
  0.6    9.400831   3972.0   -1.157   4.722   0.558   -10.4989      6.972   1.8723    0.5033   0.361     0.2485   0.3003    
  0.6    9.406266   3972.0   -1.157   4.722   0.558   -10.4989      6.972   1.8725    0.5033   0.361     0.2485   0.3002    
  0.6    9.411633   3972.0   -1.157   4.722   0.558   -10.4989      6.972   1.8727    0.5033   0.361     0.2485   0.3002    
  0.6    9.416933   3972.0   -1.157   4.722   0.558   -10.4989      6.972   1.8729    0.5033   0.361     0.2485   0.3002    
  0.6    9.422171   3972.0   -1.156   4.722   0.558   -10.4989      6.972   1.8731    0.5033   0.3611    0.2485   0.3002    
  0.6    9.427347   3972.0   -1.156   4.722   0.558   -10.4989      6.972   1.8734    0.5033   0.3611    0.2485   0.3001    
  0.6    9.432461   3972.0   -1.156   4.722   0.558   -10.4989      6.972   1.8736    0.5033   0.3611    0.2485   0.3001    
  0.6    9.437516   3973.0   -1.156   4.722   0.558   -10.4989      6.972   1.8738    0.5033   0.3611    0.2485   0.3001    
  0.6    9.442511   3973.0   -1.156   4.722   0.559   -10.4989      6.972   1.874     0.5033   0.3612    0.2485   0.3001    
  0.6    9.447451   3973.0   -1.156   4.721   0.559   -10.4989      6.972   1.8742    0.5033   0.3612    0.2485   0.3       
  0.6    9.452335   3973.0   -1.155   4.721   0.559   -10.4989      6.972   1.8744    0.5033   0.3612    0.2485   0.3       
  0.6    9.457166   3973.0   -1.155   4.721   0.559   -10.4989      6.972   1.8747    0.5033   0.3613    0.2485   0.3       
  0.6    9.461942   3973.0   -1.155   4.721   0.559   -10.4989      6.972   1.8749    0.5033   0.3613    0.2485   0.3       
  0.6    9.466666   3973.0   -1.155   4.721   0.559   -10.4989      6.972   1.8751    0.5033   0.3613    0.2485   0.2999    
  0.6    9.47134    3974.0   -1.155   4.721   0.559   -10.4989      6.972   1.8753    0.5033   0.3613    0.2485   0.2999    
  0.6    9.475964   3974.0   -1.155   4.721   0.559   -10.4989      6.972   1.8755    0.5033   0.3613    0.2485   0.2999    
  0.6    9.48054    3974.0   -1.155   4.721   0.559   -10.4989      6.972   1.8758    0.5033   0.3614    0.2485   0.2999    
  0.6    9.485068   3974.0   -1.154   4.721   0.559   -10.4989      6.972   1.876     0.5033   0.3614    0.2485   0.2998    
  0.6    9.489549   3974.0   -1.154   4.721   0.559   -10.4989      6.972   1.8762    0.5033   0.3614    0.2485   0.2998    
  0.6    9.493983   3974.0   -1.154   4.721   0.559   -10.4989      6.972   1.8764    0.5033   0.3614    0.2484   0.2998    
  0.6    9.498374   3975.0   -1.154   4.721   0.559   -10.4989      6.972   1.8766    0.5033   0.3615    0.2484   0.2998    
  0.6    9.502721   3975.0   -1.154   4.72    0.559   -10.4989      6.972   1.8769    0.5033   0.3615    0.2484   0.2997    
  0.6    9.507024   3975.0   -1.154   4.72    0.559   -10.4989      6.972   1.8771    0.5033   0.3615    0.2484   0.2997    
  0.6    9.511286   3975.0   -1.153   4.72    0.559   -10.4989      6.972   1.8773    0.5033   0.3615    0.2484   0.2997    
  0.6    9.515504   3975.0   -1.153   4.72    0.559   -10.4989      6.972   1.8775    0.5033   0.3615    0.2484   0.2997    
  0.6    9.519684   3975.0   -1.153   4.72    0.56    -10.4989      6.972   1.8778    0.5033   0.3616    0.2484   0.2996    
  0.6    9.523823   3975.0   -1.153   4.72    0.56    -10.4989      6.972   1.878     0.5033   0.3616    0.2484   0.2996    
  0.6    9.527924   3976.0   -1.153   4.72    0.56    -10.4989      6.973   1.8782    0.5033   0.3616    0.2484   0.2996    
  0.6    9.531986   3976.0   -1.153   4.72    0.56    -10.4989      6.973   1.8784    0.5033   0.3616    0.2484   0.2996    
  0.6    9.536009   3976.0   -1.153   4.72    0.56    -10.4989      6.973   1.8787    0.5033   0.3616    0.2484   0.2995    
  0.6    9.539996   3976.0   -1.152   4.72    0.56    -10.4976      6.973   1.8789    0.5033   0.3617    0.2484   0.2995    
  0.6    9.543948   3976.0   -1.152   4.72    0.56    -10.4976      6.973   1.8791    0.5033   0.3617    0.2484   0.2995    
  0.6    9.547863   3976.0   -1.152   4.72    0.56    -10.4976      6.973   1.8794    0.5033   0.3617    0.2484   0.2995    
  0.6    9.551744   3977.0   -1.152   4.719   0.56    -10.4976      6.973   1.8796    0.5033   0.3617    0.2484   0.2994    
  0.6    9.555589   3977.0   -1.152   4.719   0.56    -10.4976      6.973   1.8798    0.5033   0.3617    0.2483   0.2994    
  0.6    9.559401   3977.0   -1.152   4.719   0.56    -10.4976      6.973   1.88      0.5033   0.3618    0.2483   0.2994    
  0.6    9.563181   3977.0   -1.151   4.719   0.56    -10.4976      6.973   1.8803    0.5033   0.3618    0.2483   0.2994    
  0.6    9.566927   3977.0   -1.151   4.719   0.56    -10.4976      6.973   1.8805    0.5033   0.3618    0.2483   0.2993    
  0.6    9.570642   3977.0   -1.151   4.719   0.56    -10.4976      6.973   1.8807    0.5033   0.3618    0.2483   0.2993    
  0.6    9.574324   3978.0   -1.151   4.719   0.56    -10.4976      6.973   1.881     0.5033   0.3618    0.2483   0.2993    
  0.6    9.577976   3978.0   -1.151   4.719   0.56    -10.4976      6.973   1.8812    0.5033   0.3619    0.2483   0.2993    
  0.6    9.581598   3978.0   -1.151   4.719   0.56    -10.4976      6.973   1.8814    0.5033   0.3619    0.2483   0.2992    
  0.6    9.58519    3978.0   -1.151   4.719   0.56    -10.4976      6.973   1.8816    0.5033   0.3619    0.2483   0.2992    
  0.6    9.588752   3978.0   -1.15    4.719   0.56    -10.4976      6.973   1.8819    0.5033   0.3619    0.2483   0.2992    
  0.6    9.592286   3978.0   -1.15    4.719   0.561   -10.4976      6.973   1.8821    0.5033   0.3619    0.2483   0.2992    
  0.6    9.595789   3979.0   -1.15    4.718   0.561   -10.4976      6.973   1.8823    0.5033   0.3619    0.2483   0.2991    
  0.6    9.599266   3979.0   -1.15    4.718   0.561   -10.4976      6.973   1.8826    0.5033   0.362     0.2483   0.2991    
  0.6    9.602715   3979.0   -1.15    4.718   0.561   -10.4962      6.973   1.8828    0.5033   0.362     0.2483   0.2991    
  0.6    9.606137   3979.0   -1.15    4.718   0.561   -10.4962      6.973   1.883     0.5033   0.362     0.2483   0.299     
  0.6    9.609533   3979.0   -1.149   4.718   0.561   -10.4962      6.973   1.8833    0.5033   0.362     0.2483   0.299     
  0.6    9.6129     3979.0   -1.149   4.718   0.561   -10.4962      6.973   1.8835    0.5033   0.362     0.2483   0.299     
  0.6    9.616243   3980.0   -1.149   4.718   0.561   -10.4962      6.973   1.8837    0.5033   0.362     0.2482   0.299     
  0.6    9.619561   3980.0   -1.149   4.718   0.561   -10.4962      6.973   1.884     0.5033   0.3621    0.2482   0.2989    
  0.6    9.622853   3980.0   -1.149   4.718   0.561   -10.4962      6.973   1.8842    0.5033   0.3621    0.2482   0.2989    
  0.6    9.626121   3980.0   -1.149   4.718   0.561   -10.4962      6.973   1.8844    0.5033   0.3621    0.2482   0.2989    
  0.6    9.629363   3980.0   -1.149   4.718   0.561   -10.4962      6.973   1.8847    0.5033   0.3621    0.2482   0.2989    
  0.6    9.632582   3980.0   -1.148   4.718   0.561   -10.4962      6.973   1.8849    0.5033   0.3621    0.2482   0.2988    
  0.6    9.635777   3981.0   -1.148   4.718   0.561   -10.4962      6.973   1.8851    0.5033   0.3621    0.2482   0.2988    
  0.6    9.638949   3981.0   -1.148   4.717   0.561   -10.4962      6.973   1.8854    0.5033   0.3621    0.2482   0.2988    
  0.6    9.642098   3981.0   -1.148   4.717   0.561   -10.4962      6.973   1.8856    0.5033   0.3622    0.2482   0.2988    
  0.6    9.645224   3981.0   -1.148   4.717   0.561   -10.4949      6.973   1.8858    0.5033   0.3622    0.2482   0.2987    
  0.6    9.648328   3981.0   -1.148   4.717   0.561   -10.4949      6.974   1.8861    0.5033   0.3622    0.2482   0.2987    
  0.6    9.65141    3981.0   -1.148   4.717   0.561   -10.4949      6.974   1.8863    0.5033   0.3622    0.2482   0.2987    
  0.6    9.65447    3982.0   -1.147   4.717   0.561   -10.4949      6.974   1.8865    0.5033   0.3622    0.2482   0.2986    
  0.6    9.657509   3982.0   -1.147   4.717   0.561   -10.4949      6.974   1.8868    0.5033   0.3622    0.2482   0.2986    
  0.6    9.660527   3982.0   -1.147   4.717   0.562   -10.4949      6.974   1.887     0.5033   0.3623    0.2482   0.2986    
  0.6    9.663523   3982.0   -1.147   4.717   0.562   -10.4949      6.974   1.8873    0.5033   0.3623    0.2482   0.2986    
  0.6    9.666499   3982.0   -1.147   4.717   0.562   -10.4949      6.974   1.8875    0.5033   0.3623    0.2482   0.2985    
  0.6    9.669455   3982.0   -1.147   4.717   0.562   -10.4949      6.974   1.8877    0.5033   0.3623    0.2481   0.2985    
  0.6    9.672392   3983.0   -1.147   4.717   0.562   -10.4949      6.974   1.888     0.5033   0.3623    0.2481   0.2985    
  0.6    9.675308   3983.0   -1.146   4.717   0.562   -10.4949      6.974   1.8882    0.5033   0.3623    0.2481   0.2984    
  0.6    9.678204   3983.0   -1.146   4.716   0.562   -10.4935      6.974   1.8885    0.5033   0.3623    0.2481   0.2984    
  0.6    9.681082   3983.0   -1.146   4.716   0.562   -10.4935      6.974   1.8887    0.5033   0.3624    0.2481   0.2984    
  0.6    9.683941   3983.0   -1.146   4.716   0.562   -10.4935      6.974   1.889     0.5033   0.3624    0.2481   0.2984    
  0.6    9.686781   3983.0   -1.146   4.716   0.562   -10.4935      6.974   1.8892    0.5033   0.3624    0.2481   0.2983    
  0.6    9.689603   3984.0   -1.146   4.716   0.562   -10.4935      6.974   1.8894    0.5033   0.3624    0.2481   0.2983    
  0.6    9.700709   3984.0   -1.145   4.716   0.562   -10.4935      6.974   1.8904    0.5033   0.3624    0.2481   0.2982    
  0.6    9.711538   3985.0   -1.144   4.716   0.562   -10.4921      6.974   1.8914    0.5033   0.3625    0.248    0.2981    
  0.6    9.719487   3985.0   -1.144   4.715   0.563   -10.4921      6.975   1.8921    0.5033   0.3625    0.248    0.298     
  0.6    9.729863   3986.0   -1.143   4.715   0.563   -10.4921      6.975   1.8931    0.5033   0.3626    0.248    0.2979    
  0.6    9.739998   3987.0   -1.143   4.715   0.563   -10.4908      6.975   1.8941    0.5033   0.3626    0.248    0.2978    
  0.6    9.749901   3987.0   -1.142   4.715   0.563   -10.4908      6.975   1.8951    0.5033   0.3627    0.248    0.2977    
  0.6    9.759583   3988.0   -1.142   4.714   0.563   -10.4895      6.975   1.896     0.5033   0.3627    0.2479   0.2976    
  0.6    9.769055   3989.0   -1.141   4.714   0.563   -10.4895      6.975   1.897     0.5033   0.3628    0.2479   0.2975    
  0.6    9.780611   3990.0   -1.14    4.714   0.564   -10.4881      6.976   1.8983    0.5033   0.3628    0.2479   0.2973    
  0.6    9.789639   3990.0   -1.14    4.713   0.564   -10.4881      6.976   1.8993    0.5033   0.3629    0.2478   0.2972    
  0.6    9.800667   3991.0   -1.139   4.713   0.564   -10.4868      6.976   1.9005    0.5033   0.363     0.2478   0.2971    
  0.6    9.809292   3992.0   -1.138   4.713   0.564   -10.4868      6.976   1.9015    0.5033   0.363     0.2478   0.297     
  0.6    9.819837   3993.0   -1.138   4.712   0.565   -10.4855      6.976   1.9027    0.5033   0.3631    0.2477   0.2968    
  0.6    9.830133   3994.0   -1.137   4.712   0.565   -10.4855      6.977   1.904     0.5033   0.3631    0.2477   0.2967    
  0.6    9.84019    3995.0   -1.136   4.712   0.565   -10.4841      6.977   1.9052    0.5033   0.3632    0.2477   0.2965    
  0.6    9.85002    3996.0   -1.136   4.711   0.565   -10.4828      6.977   1.9065    0.5033   0.3632    0.2476   0.2964    
  0.6    9.859632   3996.0   -1.135   4.711   0.565   -10.4828      6.977   1.9078    0.5033   0.3633    0.2476   0.2963    
  0.6    9.869036   3997.0   -1.134   4.711   0.566   -10.4815      6.978   1.909     0.5033   0.3633    0.2476   0.2961    
  0.6    9.880058   3998.0   -1.133   4.71    0.566   -10.4802      6.978   1.9105    0.5033   0.3634    0.2475   0.2959    
  0.6    9.889034   3999.0   -1.133   4.71    0.566   -10.4802      6.978   1.9118    0.5033   0.3634    0.2475   0.2958    
  0.6    9.899567   4000.0   -1.132   4.709   0.566   -10.4789      6.979   1.9133    0.5033   0.3635    0.2474   0.2956    
  0.6    9.90985    4002.0   -1.131   4.709   0.567   -10.4776      6.979   1.9148    0.5033   0.3635    0.2474   0.2955    
  0.6    9.919895   4003.0   -1.13    4.709   0.567   -10.4763      6.979   1.9164    0.5033   0.3636    0.2474   0.2953    
  0.6    9.929713   4004.0   -1.129   4.708   0.567   -10.4763      6.979   1.9179    0.5033   0.3637    0.2473   0.2951    
  0.6    9.939314   4005.0   -1.128   4.708   0.567   -10.475       6.98    1.9194    0.5033   0.3637    0.2473   0.295     
  0.6    9.950252   4006.0   -1.127   4.708   0.568   -10.4935      6.98    1.9213    0.5067   0.3671    0.2441   0.2974    
  0.6    9.959414   4008.0   -1.126   4.707   0.568   -10.5129      6.98    1.9228    0.5067   0.3671    0.244    0.2972    
  0.6    9.969865   4009.0   -1.125   4.707   0.568   -10.52        6.981   1.9247    0.5067   0.3672    0.244    0.297     
  0.6    9.980069   4010.0   -1.124   4.706   0.568   -10.5214      6.981   1.9265    0.5067   0.3672    0.244    0.2968    
  0.6    9.99004    4012.0   -1.123   4.706   0.569   -10.5214      6.981   1.9284    0.5067   0.3673    0.2439   0.2966    
  0.6    9.999787   4013.0   -1.122   4.705   0.569   -10.52        6.982   1.9302    0.5067   0.3673    0.2439   0.2964    
