# Mass   time       Teff     L/Ls     g       R/Rs    Log(Li/Li0)   logTc   logROc    Mrad     Rrad      k2conv   k2rad     
  0.8    5.693354   4221.0   0.356    3.44    2.821   0.0           6.348   -0.5124   0.0      0.0       0.4473   0.0       
  0.8    5.700047   4221.0   0.351    3.445   2.805   0.0           6.35    -0.5054   0.0      0.0       0.4474   0.0       
  0.8    5.71347    4220.0   0.341    3.454   2.774   0.0           6.354   -0.4913   0.0      0.0       0.4475   0.0       
  0.8    5.720197   4219.0   0.336    3.459   2.759   0.0           6.357   -0.4843   0.0      0.0       0.4476   0.0       
  0.8    5.733688   4218.0   0.326    3.469   2.729   0.0           6.362   -0.4703   0.0      0.0       0.4477   0.0       
  0.8    5.740448   4217.0   0.321    3.474   2.714   0.0           6.364   -0.4633   0.0      0.0       0.4477   0.0       
  0.8    5.754003   4216.0   0.311    3.483   2.684   0.0           6.369   -0.4492   0.0      0.0       0.4478   0.0       
  0.8    5.760795   4216.0   0.306    3.488   2.669   0.0           6.371   -0.4422   0.0      0.0       0.4479   0.0       
  0.8    5.774407   4214.0   0.296    3.498   2.64    0.0           6.375   -0.4282   0.0      0.0       0.448    0.0       
  0.8    5.78123    4214.0   0.291    3.502   2.625   0.0           6.378   -0.4211   0.0      0.0       0.448    0.0       
  0.8    5.7949     4212.0   0.281    3.512   2.596   0.0           6.383   -0.4071   0.0      0.0       0.4481   0.0       
  0.8    5.80175    4212.0   0.276    3.517   2.582   0.0           6.385   -0.4001   0.0      0.0       0.4482   0.0       
  0.8    5.815473   4211.0   0.265    3.526   2.554   0.0           6.39    -0.3861   0.0      0.0       0.4483   0.0       
  0.8    5.822349   4210.0   0.26     3.531   2.54    0.0           6.392   -0.379    0.0      0.0       0.4484   0.0       
  0.8    5.829232   4209.0   0.255    3.536   2.526   0.0           6.394   -0.372    0.0      0.0       0.4484   0.0       
  0.8    5.843025   4208.0   0.245    3.545   2.498   0.0           6.399   -0.358    0.0      0.0       0.4485   0.0       
  0.8    5.849933   4207.0   0.24     3.55    2.484   0.0           6.401   -0.3509   0.0      0.0       0.4486   0.0       
  0.8    5.863775   4206.0   0.23     3.56    2.457   0.0           6.406   -0.3369   0.0      0.0       0.4487   0.0       
  0.8    5.870708   4205.0   0.225    3.565   2.443   0.0           6.408   -0.3298   0.0      0.0       0.4487   0.0       
  0.8    5.884599   4204.0   0.215    3.574   2.417   0.0           6.413   -0.3157   0.0      0.0       0.4488   0.0       
  0.8    5.891555   4203.0   0.21     3.579   2.403   0.0           6.415   -0.3087   0.0      0.0       0.4489   0.0       
  0.8    5.905494   4202.0   0.2      3.589   2.377   0.0           6.42    -0.2946   0.0      0.0       0.449    0.0       
  0.8    5.912474   4201.0   0.194    3.593   2.364   0.0           6.422   -0.2875   0.0      0.0       0.449    0.0       
  0.8    5.919465   4200.0   0.189    3.598   2.351   0.0           6.424   -0.2805   0.0      0.0       0.4491   0.0       
  0.8    5.933463   4199.0   0.179    3.608   2.325   0.0           6.429   -0.2663   0.0      0.0       0.4491   0.0       
  0.8    5.940478   4198.0   0.174    3.613   2.312   0.0           6.431   -0.2592   0.0      0.0       0.4492   0.0       
  0.8    5.954524   4197.0   0.164    3.622   2.287   0.0           6.436   -0.2451   0.0      0.0       0.4493   0.0       
  0.8    5.96156    4196.0   0.159    3.627   2.274   0.0           6.438   -0.238    0.0      0.0       0.4493   0.0       
  0.8    5.975652   4194.0   0.149    3.636   2.249   0.0           6.443   -0.2238   0.0      0.0       0.4494   0.0       
  0.8    5.982709   4194.0   0.144    3.641   2.237   0.0           6.445   -0.2168   0.0      0.0       0.4495   0.0       
  0.8    5.989775   4193.0   0.138    3.646   2.225   0.0           6.447   -0.2097   0.0      0.0       0.4495   0.0       
  0.8    6.003921   4192.0   0.128    3.656   2.2     0.0           6.452   -0.1955   0.0      0.0       0.4496   0.0       
  0.8    6.011008   4191.0   0.123    3.66    2.188   0.0           6.454   -0.1884   0.0      0.0       0.4496   0.0       
  0.8    6.025191   4189.0   0.113    3.67    2.164   0.0           6.459   -0.1742   0.0      0.0       0.4497   0.0       
  0.8    6.032292   4189.0   0.108    3.675   2.152   0.0           6.461   -0.1672   0.0      0.0       0.4497   0.0       
  0.8    6.039398   4188.0   0.103    3.68    2.141   0.0           6.464   -0.1601   0.0      0.0       0.4498   0.0       
  0.8    6.053628   4186.0   0.093    3.689   2.117   0.0           6.468   -0.1459   0.0      0.0       0.4499   0.0       
  0.8    6.060747   4186.0   0.088    3.694   2.106   0.0           6.471   -0.1388   0.0      0.0       0.4499   0.0       
  0.8    6.074999   4184.0   0.077    3.703   2.083   0.0           6.475   -0.1247   0.0      0.0       0.45     0.0       
  0.8    6.082132   4183.0   0.072    3.708   2.071   0.0           6.478   -0.1176   0.0      0.0       0.45     0.0       
  0.8    6.089266   4182.0   0.067    3.713   2.06    0.0           6.48    -0.1106   0.0      0.0       0.45     0.0       
  0.8    6.103544   4181.0   0.057    3.723   2.037   0.0           6.485   -0.0965   0.0      0.0       0.4501   0.0       
  0.8    6.110687   4180.0   0.052    3.727   2.026   0.0           6.487   -0.0894   0.0      0.0       0.4501   0.0       
  0.8    6.12498    4178.0   0.042    3.737   2.004   0.0           6.492   -0.0754   0.0      0.0       0.4502   0.0       
  0.8    6.132132   4178.0   0.036    3.742   1.993   0.0           6.494   -0.0683   0.0      0.0       0.4503   0.0       
  0.8    6.139284   4177.0   0.031    3.746   1.982   0.0           6.496   -0.0613   0.0      0.0       0.4503   0.0       
  0.8    6.153595   4175.0   0.021    3.756   1.96    0.0           6.501   -0.0473   0.0      0.0       0.4504   0.0       
  0.8    6.160751   4174.0   0.016    3.761   1.95    0.0           6.503   -0.0402   0.0      0.0       0.4504   0.0       
  0.8    6.175065   4172.0   0.006    3.77    1.928   0.0           6.508   -0.0262   0.0      0.0       0.4505   0.0       
  0.8    6.182223   4171.0   0.001    3.775   1.918   0.0           6.51    -0.0192   0.0      0.0       0.4505   0.0       
  0.8    6.189384   4170.0   -0.005   3.78    1.907   0.0           6.513   -0.0123   0.0      0.0       0.4506   0.0       
  0.8    6.203704   4169.0   -0.015   3.789   1.887   -4.0E-4       6.517   0.0017    0.0      0.0       0.4506   0.0       
  0.8    6.210864   4167.0   -0.02    3.794   1.876   -4.0E-4       6.52    0.0087    0.0      0.0       0.4507   0.0       
  0.8    6.22519    4165.0   -0.03    3.803   1.856   -4.0E-4       6.524   0.0226    0.0      0.0       0.4508   0.0       
  0.8    6.232353   4164.0   -0.036   3.808   1.846   -4.0E-4       6.527   0.0296    0.0      0.0       0.4508   0.0       
  0.8    6.239517   4163.0   -0.041   3.813   1.836   -4.0E-4       6.529   0.0365    0.0      0.0       0.4508   0.0       
  0.8    6.253851   4161.0   -0.051   3.822   1.816   -9.0E-4       6.534   0.0504    0.0      0.0       0.4509   0.0       
  0.8    6.26102    4160.0   -0.056   3.827   1.806   -9.0E-4       6.536   0.0574    0.0      0.0       0.451    0.0       
  0.8    6.27536    4158.0   -0.067   3.837   1.787   -9.0E-4       6.54    0.0712    0.0      0.0       0.4511   0.0       
  0.8    6.282536   4157.0   -0.072   3.841   1.777   -0.0013       6.543   0.0782    0.0      0.0       0.4511   0.0       
  0.8    6.289714   4156.0   -0.077   3.846   1.767   -0.0013       6.545   0.0851    0.0      0.0       0.4511   0.0       
  0.8    6.304075   4153.0   -0.088   3.855   1.748   -0.0017       6.55    0.099     0.0      0.0       0.4512   0.0       
  0.8    6.31126    4152.0   -0.093   3.86    1.739   -0.0022       6.552   0.1059    0.0      0.0       0.4513   0.0       
  0.8    6.325639   4149.0   -0.103   3.87    1.72    -0.0026       6.556   0.1197    0.0      0.0       0.4513   0.0       
  0.8    6.332834   4148.0   -0.108   3.874   1.711   -0.0031       6.559   0.1267    0.0      0.0       0.4514   0.0       
  0.8    6.340033   4147.0   -0.114   3.879   1.702   -0.0035       6.561   0.1336    0.0      0.0       0.4514   0.0       
  0.8    6.354445   4144.0   -0.124   3.888   1.683   -0.0044       6.566   0.1474    0.0      0.0       0.4515   0.0       
  0.8    6.361656   4143.0   -0.129   3.893   1.674   -0.0052       6.568   0.1544    0.0      0.0       0.4516   0.0       
  0.8    6.376095   4140.0   -0.14    3.902   1.656   -0.0066       6.572   0.1682    0.0      0.0       0.4516   0.0       
  0.8    6.383322   4139.0   -0.145   3.907   1.647   -0.0074       6.575   0.1751    0.0      0.0       0.4517   0.0       
  0.8    6.390557   4137.0   -0.15    3.912   1.638   -0.0083       6.577   0.1821    0.0      0.0       0.4517   0.0       
  0.8    6.405039   4135.0   -0.161   3.921   1.621   -0.011        6.582   0.1959    0.0      0.0       0.4518   0.0       
  0.8    6.411569   4133.0   -0.166   3.925   1.613   -0.0123       6.584   0.2021    0.0      0.0       0.4518   0.0       
  0.8    6.422705   4131.0   -0.174   3.933   1.6     -0.0146       6.587   0.2128    0.0      0.0       0.4519   0.0       
  0.8    6.431999   4129.0   -0.181   3.939   1.589   -0.0173       6.59    0.2217    0.0      0.0       0.4519   0.0       
  0.8    6.439983   4128.0   -0.187   3.944   1.579   -0.02         6.593   0.2293    0.0      0.0       0.4519   0.0       
  0.8    6.450292   4126.0   -0.194   3.95    1.567   -0.0237       6.596   0.2392    7.0E-4   0.08179   0.452    9.383E-4  
  0.8    6.459959   4124.0   -0.201   3.957   1.556   -0.0278       6.599   0.2484    0.0017   0.1099    0.452    0.002017  
  0.8    6.469231   4122.0   -0.208   3.963   1.545   -0.0325       6.602   0.2574    0.0035   0.1403    0.452    0.003768  
  0.8    6.481156   4119.0   -0.217   3.97    1.532   -0.0386       6.605   0.2689    0.0053   0.1604    0.4521   0.005363  
  0.8    6.489656   4117.0   -0.223   3.976   1.522   -0.0434       6.608   0.2771    0.009    0.1904    0.4521   0.008325  
  0.8    6.500847   4115.0   -0.231   3.983   1.51    -0.0501       6.611   0.288     0.0114   0.2048    0.4521   0.01018   
  0.8    6.509032   4113.0   -0.237   3.988   1.501   -0.0555       6.613   0.296     0.0139   0.2175    0.4521   0.01197   
  0.8    6.519617   4111.0   -0.245   3.995   1.489   -0.0635       6.616   0.3063    0.0163   0.228     0.452    0.01371   
  0.8    6.529442   4109.0   -0.252   4.001   1.478   -0.0711       6.619   0.3159    0.0187   0.2374    0.452    0.01541   
  0.8    6.540937   4107.0   -0.26    4.008   1.466   -0.0804       6.622   0.3273    0.024    0.2568    0.4519   0.01905   
  0.8    6.549809   4105.0   -0.266   4.014   1.456   -0.0888       6.625   0.336     0.024    0.2551    0.4519   0.01905   
  0.8    6.560314   4103.0   -0.274   4.021   1.445   -0.0985       6.628   0.3465    0.0294   0.2715    0.4518   0.02256   
  0.8    6.570511   4102.0   -0.281   4.027   1.435   -0.109        6.631   0.3566    0.0347   0.2858    0.4516   0.02599   
  0.8    6.580521   4100.0   -0.288   4.034   1.424   -0.1203       6.633   0.3666    0.0406   0.2998    0.4515   0.02968   
  0.8    6.590033   4098.0   -0.295   4.04    1.414   -0.1308       6.636   0.3762    0.0406   0.2977    0.4515   0.02968   
  0.8    6.599089   4097.0   -0.301   4.045   1.405   -0.1421       6.638   0.3853    0.0465   0.3103    0.4512   0.0333    
  0.8    6.610836   4095.0   -0.309   4.053   1.393   -0.1568       6.641   0.3972    0.0524   0.321     0.451    0.03685   
  0.8    6.619418   4094.0   -0.315   4.058   1.384   -0.1681       6.644   0.4059    0.0524   0.319     0.451    0.03684   
  0.8    6.63386    4092.0   -0.325   4.067   1.37    -0.1878       6.647   0.4206    0.0583   0.3279    0.4507   0.04033   
  0.8    6.640552   4091.0   -0.33    4.071   1.364   -0.1965       6.649   0.4274    0.0642   0.3379    0.4504   0.04378   
  0.8    6.655472   4088.0   -0.34    4.081   1.349   -0.2168       6.653   0.4427    0.0701   0.345     0.4501   0.04718   
  0.8    6.662946   4087.0   -0.345   4.085   1.342   -0.2269       6.655   0.4504    0.076    0.3534    0.4497   0.05055   
  0.8    6.670424   4086.0   -0.35    4.09    1.335   -0.2388       6.657   0.4581    0.076    0.3515    0.4497   0.05053   
  0.8    6.685403   4083.0   -0.361   4.099   1.32    -0.2612       6.66    0.4737    0.0878   0.3666    0.4489   0.05717   
  0.8    6.692903   4082.0   -0.366   4.104   1.313   -0.2741       6.662   0.4815    0.0878   0.3646    0.4489   0.05714   
  0.8    6.700412   4081.0   -0.371   4.109   1.306   -0.2865       6.664   0.4894    0.0937   0.3714    0.4485   0.06042   
  0.8    6.715457   4078.0   -0.381   4.118   1.292   -0.3125       6.668   0.5052    0.0996   0.3758    0.4481   0.06363   
  0.8    6.722994   4077.0   -0.387   4.122   1.286   -0.3261       6.669   0.5132    0.1055   0.3819    0.4476   0.06685   
  0.8    6.730544   4076.0   -0.392   4.127   1.279   -0.3391       6.671   0.5212    0.1114   0.3877    0.4471   0.07005   
  0.8    6.745672   4073.0   -0.402   4.136   1.265   -0.3696       6.675   0.5373    0.1173   0.3909    0.4465   0.07318   
  0.8    6.753257   4072.0   -0.407   4.141   1.258   -0.384        6.677   0.5454    0.1231   0.3961    0.446    0.07634   
  0.8    6.760854   4071.0   -0.413   4.146   1.252   -0.3979       6.678   0.5536    0.129    0.401     0.4454   0.07947   
  0.8    6.776091   4068.0   -0.423   4.155   1.238   -0.4306       6.682   0.5701    0.1349   0.4033    0.4448   0.08253   
  0.8    6.783735   4067.0   -0.428   4.16    1.232   -0.4473       6.684   0.5784    0.1408   0.4078    0.4441   0.08562   
  0.8    6.791394   4066.0   -0.433   4.164   1.225   -0.4647       6.686   0.5867    0.1408   0.4054    0.4441   0.08556   
  0.8    6.79907    4065.0   -0.438   4.169   1.219   -0.4828       6.688   0.5951    0.1467   0.4096    0.4435   0.08863   
  0.8    6.81448    4062.0   -0.449   4.178   1.206   -0.5186       6.691   0.6121    0.1585   0.4175    0.4421   0.09473   
  0.8    6.822214   4061.0   -0.454   4.183   1.199   -0.5361       6.693   0.6206    0.1644   0.4212    0.4414   0.09775   
  0.8    6.829969   4060.0   -0.459   4.188   1.193   -0.556        6.695   0.6292    0.1644   0.4186    0.4413   0.09767   
  0.8    6.845455   4057.0   -0.469   4.197   1.18    -0.5952       6.698   0.6465    0.1762   0.4255    0.4398   0.1037    
  0.8    6.853155   4056.0   -0.474   4.201   1.174   -0.6144       6.7     0.6552    0.1821   0.4288    0.439    0.1066    
  0.8    6.860825   4055.0   -0.48    4.206   1.168   -0.6364       6.702   0.6638    0.1821   0.4262    0.4389   0.1065    
  0.8    6.876079   4053.0   -0.489   4.215   1.156   -0.6778       6.705   0.6812    0.1939   0.4323    0.4372   0.1124    
  0.8    6.883661   4052.0   -0.494   4.219   1.15    -0.699        6.707   0.6898    0.1998   0.4352    0.4363   0.1154    
  0.8    6.891214   4051.0   -0.499   4.224   1.144   -0.719        6.709   0.6985    0.2057   0.438     0.4354   0.1183    
  0.8    6.90623    4049.0   -0.509   4.233   1.133   -0.762        6.712   0.7158    0.2116   0.4381    0.4344   0.1211    
  0.8    6.913694   4048.0   -0.513   4.237   1.127   -0.7852       6.714   0.7244    0.2175   0.4407    0.4334   0.124     
  0.8    6.921128   4047.0   -0.518   4.241   1.121   -0.8069       6.716   0.7331    0.2234   0.4432    0.4324   0.1268    
  0.8    6.935904   4046.0   -0.527   4.25    1.11    -0.8539       6.719   0.7504    0.2317   0.4451    0.4309   0.1308    
  0.8    6.943248   4045.0   -0.532   4.254   1.105   -0.8761       6.721   0.7591    0.2358   0.446     0.4301   0.1327    
  0.8    6.950561   4045.0   -0.536   4.258   1.1     -0.8996       6.723   0.7677    0.2437   0.4499    0.4288   0.1366    
  0.8    6.965095   4043.0   -0.545   4.266   1.089   -0.9469       6.726   0.7851    0.2516   0.4511    0.4272   0.1402    
  0.8    6.972317   4043.0   -0.549   4.27    1.084   -0.9666       6.728   0.7937    0.2594   0.4548    0.4257   0.144     
  0.8    6.979508   4042.0   -0.554   4.274   1.079   -0.9914       6.729   0.8024    0.2594   0.4522    0.4256   0.1438    
  0.8    6.993798   4042.0   -0.562   4.282   1.069   -1.0414       6.733   0.8197    0.2673   0.4532    0.4239   0.1474    
  0.8    7.000898   4041.0   -0.566   4.286   1.064   -1.065        6.734   0.8284    0.2751   0.4567    0.4223   0.1511    
  0.8    7.014999   4041.0   -0.574   4.294   1.055   -1.1129       6.738   0.8457    0.283    0.4575    0.4205   0.1546    
  0.8    7.022003   4041.0   -0.578   4.298   1.05    -1.1361       6.74    0.8544    0.2908   0.4608    0.4189   0.1584    
  0.8    7.028978   4040.0   -0.582   4.302   1.046   -1.158        6.741   0.8631    0.2987   0.4641    0.4172   0.1621    
  0.8    7.042831   4040.0   -0.589   4.31    1.036   -1.2062       6.745   0.8804    0.304    0.4628    0.4157   0.1642    
  0.8    7.049714   4040.0   -0.593   4.313   1.032   -1.2299       6.746   0.8891    0.3093   0.4641    0.4144   0.1666    
  0.8    7.063378   4041.0   -0.6     4.321   1.023   -1.2757       6.75    0.9065    0.3221   0.4682    0.4114   0.1725    
  0.8    7.070164   4041.0   -0.604   4.324   1.019   -1.3002       6.751   0.9151    0.3221   0.4656    0.4112   0.1722    
  0.8    7.083639   4041.0   -0.611   4.331   1.011   -1.3478       6.755   0.9325    0.3295   0.4657    0.4092   0.1753    
  0.8    7.090332   4042.0   -0.614   4.335   1.007   -1.3716       6.756   0.9412    0.3369   0.4684    0.4073   0.1787    
  0.8    7.103616   4043.0   -0.621   4.342   0.998   -1.4191       6.76    0.9585    0.3444   0.4685    0.4052   0.1818    
  0.8    7.110212   4044.0   -0.624   4.345   0.995   -1.4413       6.761   0.9672    0.3518   0.4711    0.4032   0.1852    
  0.8    7.123306   4045.0   -0.63    4.352   0.987   -1.4868       6.765   0.9846    0.3592   0.4712    0.401    0.1881    
  0.8    7.129806   4046.0   -0.633   4.356   0.983   -1.5086       6.766   0.9933    0.3667   0.4738    0.3989   0.1915    
  0.8    7.142705   4047.0   -0.639   4.362   0.976   -1.5513       6.77    1.0107    0.3741   0.4738    0.3966   0.1945    
  0.8    7.149108   4048.0   -0.642   4.365   0.972   -1.5719       6.771   1.0193    0.3806   0.4756    0.3947   0.1973    
  0.8    7.161814   4051.0   -0.647   4.372   0.965   -1.6144       6.775   1.0367    0.387    0.475     0.3925   0.1997    
  0.8    7.174394   4053.0   -0.652   4.378   0.958   -1.6576       6.778   1.0541    0.398    0.4773    0.3891   0.2043    
  0.8    7.180633   4054.0   -0.655   4.381   0.955   -1.6778       6.78    1.0628    0.4025   0.4778    0.3876   0.2061    
  0.8    7.193022   4057.0   -0.66    4.387   0.948   -1.7167       6.784   1.0802    0.4114   0.4788    0.3845   0.2097    
  0.8    7.199165   4059.0   -0.662   4.39    0.945   -1.7375       6.785   1.0889    0.4159   0.4793    0.383    0.2114    
  0.8    7.211361   4062.0   -0.666   4.396   0.938   -1.7747       6.789   1.1063    0.4248   0.4804    0.3798   0.2149    
  0.8    7.223428   4066.0   -0.671   4.402   0.932   -1.8125       6.792   1.1237    0.4338   0.4814    0.3765   0.2184    
  0.8    7.229413   4068.0   -0.672   4.404   0.929   -1.8297       6.794   1.1324    0.4383   0.4819    0.3749   0.2201    
  0.8    7.241285   4072.0   -0.676   4.41    0.923   -1.8665       6.798   1.1498    0.4472   0.483     0.3715   0.2235    
  0.8    7.25303    4077.0   -0.68    4.415   0.918   -1.8996       6.801   1.1672    0.4562   0.4841    0.368    0.2269    
  0.8    7.264648   4082.0   -0.683   4.42    0.912   -1.9318       6.805   1.1846    0.4651   0.4853    0.3645   0.2302    
  0.8    7.270409   4084.0   -0.684   4.423   0.91    -1.9469       6.806   1.1933    0.4696   0.4858    0.3627   0.2318    
  0.8    7.281835   4089.0   -0.687   4.428   0.904   -1.9747       6.81    1.2107    0.4786   0.4871    0.359    0.2351    
  0.8    7.293141   4095.0   -0.689   4.433   0.899   -2.0004       6.814   1.2281    0.4875   0.4883    0.3552   0.2383    
  0.8    7.304322   4102.0   -0.691   4.437   0.895   -2.0246       6.817   1.2455    0.4965   0.4897    0.3513   0.2415    
  0.8    7.309869   4105.0   -0.692   4.44    0.892   -2.0362       6.819   1.2543    0.501    0.4903    0.3493   0.2431    
  0.8    7.320865   4113.0   -0.693   4.444   0.888   -2.06         6.823   1.2717    0.5088   0.491     0.3457   0.2456    
  0.8    7.331735   4122.0   -0.694   4.449   0.883   -2.0825       6.827   1.2891    0.5166   0.4917    0.3419   0.2481    
  0.8    7.342478   4130.0   -0.695   4.453   0.879   -2.104        6.83    1.3065    0.5245   0.4925    0.3382   0.2506    
  0.8    7.3531     4139.0   -0.695   4.457   0.875   -2.1244       6.834   1.324     0.5323   0.4933    0.3343   0.253     
  0.8    7.363604   4149.0   -0.695   4.461   0.871   -2.1409       6.838   1.3414    0.5413   0.4951    0.3298   0.256     
  0.8    7.373993   4159.0   -0.694   4.465   0.867   -2.1568       6.842   1.3588    0.5457   0.4936    0.3272   0.2566    
  0.8    7.379144   4164.0   -0.694   4.467   0.865   -2.1643       6.844   1.3676    0.5502   0.4946    0.3249   0.258     
  0.8    7.389363   4175.0   -0.693   4.47    0.861   -2.1785       6.848   1.385     0.5592   0.4965    0.3202   0.2609    
  0.8    7.399471   4186.0   -0.692   4.474   0.858   -2.1904       6.852   1.4024    0.5681   0.4986    0.3154   0.2638    
  0.8    7.409475   4197.0   -0.691   4.477   0.855   -2.2034       6.856   1.4199    0.5726   0.4974    0.3125   0.2642    
  0.8    7.419367   4212.0   -0.688   4.48    0.852   -2.214        6.86    1.4373    0.5816   0.4997    0.3075   0.267     
  0.8    7.429148   4227.0   -0.685   4.483   0.849   -2.224        6.865   1.4548    0.586    0.4986    0.3045   0.2673    
  0.8    7.443615   4250.0   -0.68    4.488   0.844   -2.2366       6.871   1.4809    0.5995   0.5025    0.2966   0.2714    
  0.8    7.453127   4266.0   -0.676   4.491   0.841   -2.2457       6.875   1.4984    0.6039   0.5015    0.2935   0.2716    
  0.8    7.46254    4283.0   -0.672   4.493   0.839   -2.2518       6.88    1.5158    0.6129   0.5044    0.288    0.2743    
  0.8    7.471859   4300.0   -0.668   4.496   0.836   -2.2588       6.884   1.5333    0.6174   0.5037    0.2847   0.2744    
  0.8    7.481086   4320.0   -0.662   4.499   0.834   -2.2636       6.889   1.5507    0.6263   0.5069    0.2789   0.277     
  0.8    7.490223   4339.0   -0.657   4.501   0.831   -2.2692       6.894   1.5682    0.6297   0.5053    0.2761   0.2765    
  0.8    7.499275   4360.0   -0.651   4.503   0.829   -2.2733       6.898   1.5856    0.6353   0.5057    0.272    0.2772    
  0.8    7.512704   4391.0   -0.642   4.507   0.826   -2.279        6.905   1.6118    0.6442   0.5071    0.2654   0.2785    
  0.8    7.521564   4412.0   -0.636   4.509   0.824   -2.2832       6.91    1.6292    0.6487   0.5067    0.2618   0.2785    
  0.8    7.530352   4434.0   -0.63    4.511   0.821   -2.2857       6.915   1.6466    0.6577   0.5109    0.2553   0.2811    
  0.8    7.539069   4457.0   -0.623   4.514   0.819   -2.289        6.92    1.6639    0.6621   0.5107    0.2515   0.281     
  0.8    7.552008   4491.0   -0.613   4.517   0.817   -2.2924       6.928   1.6898    0.6711   0.513     0.2443   0.2822    
  0.8    7.560488   4514.0   -0.606   4.519   0.815   -2.2941       6.934   1.7068    0.6756   0.5132    0.2403   0.2821    
  0.8    7.572844   4549.0   -0.595   4.521   0.812   -2.2976       6.941   1.7317    0.6801   0.5113    0.2358   0.2807    
  0.8    7.58086    4572.0   -0.588   4.523   0.81    -2.2993       6.947   1.7477    0.6843   0.5116    0.2319   0.2806    
  0.8    7.592591   4607.0   -0.578   4.526   0.808   -2.301        6.955   1.7711    0.6946   0.5172    0.223    0.2827    
  0.8    7.600256   4632.0   -0.57    4.527   0.807   -2.3019       6.96    1.7863    0.6997   0.5191    0.2182   0.2832    
  0.8    7.611535   4669.0   -0.559   4.53    0.804   -2.3028       6.968   1.8082    0.7049   0.5191    0.2129   0.2825    
  0.8    7.622618   4706.0   -0.548   4.533   0.802   -2.3045       6.976   1.8293    0.7088   0.5178    0.2084   0.2812    
  0.8    7.629893   4730.0   -0.541   4.535   0.8     -2.3045       6.982   1.8427    0.7128   0.5188    0.2043   0.2812    
  0.8    7.640668   4765.0   -0.531   4.538   0.797   -2.3054       6.991   1.8616    0.72     0.5228    0.1968   0.2821    
  0.8    7.651402   4800.0   -0.521   4.541   0.794   -2.3063       7.0     1.8789    0.7233   0.5211    0.1927   0.2807    
  0.8    7.662062   4833.0   -0.513   4.544   0.791   -2.3063       7.01    1.8946    0.7297   0.5247    0.1857   0.2815    
  0.8    7.669828   4856.0   -0.507   4.546   0.789   -2.3063       7.018   1.9034    0.7327   0.5249    0.1819   0.2812    
  0.8    7.68072    4886.0   -0.5     4.55    0.785   -2.3072       7.029   1.9126    0.7355   0.5229    0.1782   0.2801    
  0.8    7.691357   4914.0   -0.495   4.555   0.781   -2.3072       7.039   1.9186    0.7383   0.5213    0.1745   0.2795    
  0.8    7.701685   4938.0   -0.492   4.56    0.776   -2.3072       7.048   1.9213    0.7433   0.5244    0.1684   0.2812    
  0.8    7.711798   4955.0   -0.492   4.567   0.771   -2.308        7.055   1.9211    0.7458   0.5232    0.1652   0.282     
  0.8    7.721788   4965.0   -0.496   4.574   0.764   -2.308        7.06    1.9186    0.7458   0.5174    0.1649   0.282     
  0.8    7.731748   4968.0   -0.503   4.582   0.757   -2.308        7.064   1.9144    0.748    0.5164    0.1622   0.2842    
  0.8    7.741768   4964.0   -0.513   4.591   0.749   -2.308        7.067   1.9093    0.748    0.5113    0.1622   0.2856    
  0.8    7.751929   4953.0   -0.527   4.601   0.741   -2.308        7.069   1.904     0.748    0.5067    0.1624   0.2876    
  0.8    7.762295   4938.0   -0.542   4.611   0.733   -2.3089       7.071   1.899     0.748    0.5025    0.1627   0.2899    
  0.8    7.76934    4925.0   -0.553   4.617   0.728   -2.3089       7.071   1.8963    0.748    0.5002    0.1629   0.2916    
  0.8    7.782176   4900.0   -0.572   4.627   0.719   -2.3098       7.071   1.8927    0.748    0.4967    0.1634   0.2945    
  0.8    7.795189   4879.0   -0.587   4.635   0.713   -2.3098       7.071   1.8905    0.748    0.4944    0.1638   0.297     
  0.8    7.8035     4868.0   -0.595   4.639   0.709   -2.3098       7.071   1.8897    0.748    0.4934    0.1641   0.2983    
  0.8    7.813267   4857.0   -0.602   4.642   0.707   -2.3116       7.07    1.8891    0.7458   0.4887    0.167    0.2979    
  0.8    7.824706   4847.0   -0.608   4.644   0.705   -2.3125       7.07    1.8889    0.7458   0.4883    0.1672   0.2988    
  0.8    7.838046   4840.0   -0.612   4.646   0.704   -2.3134       7.069   1.8888    0.7458   0.4883    0.1674   0.2995    
  0.8    7.853532   4835.0   -0.614   4.646   0.703   -2.3143       7.069   1.8889    0.7458   0.4885    0.1674   0.2998    
  0.8    7.871413   4833.0   -0.615   4.646   0.704   -2.3143       7.068   1.8886    0.7458   0.4889    0.1675   0.3       
  0.8    7.891943   4832.0   -0.615   4.645   0.704   -2.3161       7.067   1.8885    0.7458   0.4894    0.1675   0.3001    
  0.8    7.915361   4830.0   -0.614   4.645   0.705   -2.3224       7.067   1.8878    0.7433   0.4859    0.1705   0.2985    
  0.8    7.941893   4829.0   -0.614   4.644   0.705   -2.3242       7.066   1.8876    0.7433   0.4864    0.1705   0.2985    
  0.8    7.971729   4828.0   -0.614   4.643   0.706   -2.327        7.065   1.8867    0.7433   0.4871    0.1706   0.2987    
  0.8    8.005022   4826.0   -0.613   4.642   0.707   -2.3298       7.065   1.8868    0.7433   0.4877    0.1706   0.2987    
  0.8    8.04187    4826.0   -0.613   4.641   0.707   -2.3325       7.064   1.8875    0.7433   0.4882    0.1706   0.2987    
  0.8    8.082319   4825.0   -0.612   4.641   0.708   -2.3363       7.063   1.887     0.7433   0.4888    0.1706   0.2988    
  0.8    8.126359   4824.0   -0.612   4.64    0.709   -2.341        7.062   1.8876    0.7433   0.4894    0.1706   0.2987    
  0.8    8.173914   4825.0   -0.611   4.639   0.709   -2.3458       7.061   1.8889    0.7433   0.4898    0.1706   0.2986    
  0.8    8.224857   4825.0   -0.61    4.638   0.71    -2.3516       7.06    1.89      0.7433   0.4903    0.1706   0.2986    
  0.8    8.279019   4824.0   -0.609   4.637   0.711   -2.3585       7.06    1.8907    0.7433   0.4908    0.1707   0.2985    
  0.8    8.336187   4824.0   -0.609   4.637   0.711   -2.3665       7.059   1.8911    0.7433   0.4913    0.1707   0.2985    
  0.8    8.395417   4823.0   -0.608   4.636   0.712   -2.3757       7.058   1.8918    0.7433   0.4917    0.1707   0.2985    
  0.8    8.447532   4823.0   -0.608   4.635   0.712   -2.384        7.058   1.8924    0.7433   0.4922    0.1707   0.2985    
  0.8    8.494056   4822.0   -0.607   4.635   0.713   -2.3925       7.057   1.8928    0.7433   0.4927    0.1707   0.2985    
  0.8    8.536075   4822.0   -0.607   4.634   0.713   -2.4012       7.057   1.8931    0.7433   0.4931    0.1707   0.2985    
  0.8    8.574384   4821.0   -0.606   4.634   0.714   -2.4271       7.056   1.8934    0.7409   0.4894    0.1736   0.2969    
  0.8    8.609587   4821.0   -0.606   4.633   0.714   -2.4389       7.056   1.8936    0.7409   0.4897    0.1736   0.2969    
  0.8    8.642149   4821.0   -0.606   4.633   0.715   -2.4522       7.056   1.8939    0.7409   0.49      0.1736   0.2969    
  0.8    8.672439   4821.0   -0.605   4.632   0.715   -2.4647       7.056   1.8942    0.7409   0.4903    0.1736   0.2968    
  0.8    8.700753   4821.0   -0.605   4.632   0.715   -2.4763       7.056   1.8946    0.7409   0.4905    0.1736   0.2968    
  0.8    8.727334   4821.0   -0.605   4.631   0.716   -2.4881       7.056   1.895     0.7409   0.4907    0.1736   0.2968    
  0.8    8.752381   4821.0   -0.604   4.631   0.716   -2.5003       7.056   1.8954    0.7409   0.4909    0.1736   0.2967    
  0.8    8.776062   4821.0   -0.604   4.631   0.716   -2.5114       7.056   1.8959    0.7409   0.4911    0.1736   0.2967    
  0.8    8.798519   4821.0   -0.603   4.63    0.716   -2.5229       7.056   1.8964    0.7409   0.4913    0.1736   0.2966    
  0.8    8.819872   4821.0   -0.603   4.63    0.717   -2.5346       7.056   1.8969    0.7409   0.4915    0.1736   0.2966    
  0.8    8.840223   4822.0   -0.602   4.63    0.717   -2.5467       7.056   1.8974    0.7409   0.4917    0.1736   0.2965    
  0.8    8.859663   4822.0   -0.602   4.629   0.717   -2.5591       7.056   1.8979    0.7409   0.4918    0.1736   0.2965    
  0.8    8.87827    4822.0   -0.602   4.629   0.717   -2.5702       7.056   1.8984    0.7409   0.4919    0.1736   0.2964    
  0.8    8.896113   4823.0   -0.601   4.629   0.718   -2.5817       7.056   1.899     0.7409   0.4921    0.1736   0.2963    
  0.8    8.913251   4823.0   -0.601   4.628   0.718   -2.5935       7.056   1.8996    0.7409   0.4922    0.1736   0.2963    
  0.8    8.929739   4823.0   -0.6     4.628   0.718   -2.6038       7.056   1.9001    0.7409   0.4923    0.1736   0.2962    
  0.8    8.945623   4824.0   -0.6     4.628   0.718   -2.6162       7.056   1.9007    0.7409   0.4924    0.1735   0.2962    
  0.8    8.960947   4824.0   -0.6     4.628   0.719   -2.6271       7.056   1.9013    0.7409   0.4925    0.1735   0.2961    
  0.8    8.975749   4825.0   -0.599   4.627   0.719   -2.6383       7.056   1.9019    0.7409   0.4926    0.1735   0.296     
  0.8    8.990063   4825.0   -0.599   4.627   0.719   -2.6498       7.057   1.9025    0.7409   0.4927    0.1735   0.2959    
  0.8    9.003921   4826.0   -0.598   4.627   0.719   -2.6615       7.057   1.9031    0.7409   0.4928    0.1735   0.2959    
  0.8    9.017346   4826.0   -0.598   4.627   0.719   -2.6716       7.057   1.9037    0.7409   0.4929    0.1735   0.2958    
  0.8    9.030373   4827.0   -0.597   4.626   0.72    -2.684        7.057   1.9044    0.7409   0.493     0.1735   0.2957    
  0.8    9.04302    4827.0   -0.597   4.626   0.72    -2.6946       7.057   1.905     0.7409   0.4931    0.1735   0.2957    
  0.8    9.05531    4828.0   -0.597   4.626   0.72    -2.7055       7.057   1.9056    0.7409   0.4932    0.1735   0.2956    
  0.8    9.067261   4828.0   -0.596   4.626   0.72    -2.7167       7.057   1.9062    0.7409   0.4933    0.1735   0.2955    
  0.8    9.078892   4828.0   -0.596   4.625   0.72    -2.7282       7.057   1.9069    0.7409   0.4934    0.1734   0.2954    
  0.8    9.090216   4829.0   -0.595   4.625   0.721   -2.7399       7.058   1.9075    0.7409   0.4935    0.1734   0.2954    
  0.8    9.101255   4829.0   -0.595   4.625   0.721   -2.7496       7.058   1.9081    0.7409   0.4935    0.1734   0.2953    
  0.8    9.112022   4830.0   -0.595   4.625   0.721   -2.762        7.058   1.9088    0.7409   0.4936    0.1734   0.2952    
  0.8    9.122527   4830.0   -0.594   4.625   0.721   -2.7721       7.058   1.9094    0.7409   0.4937    0.1734   0.2952    
  0.8    9.132785   4831.0   -0.594   4.624   0.721   -2.7852       7.058   1.91      0.7409   0.4938    0.1734   0.2951    
  0.8    9.142802   4832.0   -0.593   4.624   0.722   -2.7959       7.058   1.9107    0.7409   0.4939    0.1734   0.295     
  0.8    9.152597   4832.0   -0.593   4.624   0.722   -2.8069       7.058   1.9113    0.7409   0.4939    0.1734   0.2949    
  0.8    9.162176   4833.0   -0.593   4.624   0.722   -2.8182       7.058   1.912     0.7409   0.494     0.1734   0.2949    
  0.8    9.171548   4833.0   -0.592   4.623   0.722   -2.8297       7.058   1.9126    0.7409   0.4941    0.1734   0.2948    
  0.8    9.180722   4834.0   -0.592   4.623   0.722   -2.8416       7.059   1.9133    0.7409   0.4941    0.1733   0.2947    
  0.8    9.189704   4834.0   -0.591   4.623   0.722   -2.8508       7.059   1.9139    0.7409   0.4942    0.1733   0.2947    
  0.8    9.198506   4835.0   -0.591   4.623   0.723   -2.8633       7.059   1.9146    0.7409   0.4943    0.1733   0.2946    
  0.8    9.207133   4835.0   -0.59    4.623   0.723   -2.8729       7.059   1.9152    0.7409   0.4944    0.1733   0.2945    
  0.8    9.215593   4836.0   -0.59    4.622   0.723   -2.8861       7.059   1.9159    0.7409   0.4944    0.1733   0.2944    
  0.8    9.22389    4836.0   -0.59    4.622   0.723   -2.8962       7.059   1.9166    0.7409   0.4945    0.1733   0.2944    
  0.8    9.23203    4837.0   -0.589   4.622   0.723   -2.9066       7.059   1.9172    0.7409   0.4946    0.1733   0.2943    
  0.8    9.240022   4837.0   -0.589   4.622   0.724   -2.9208       7.059   1.9179    0.7409   0.4947    0.1733   0.2942    
  0.8    9.24787    4838.0   -0.588   4.621   0.724   -2.9318       7.06    1.9185    0.7409   0.4947    0.1732   0.2941    
  0.8    9.255579   4838.0   -0.588   4.621   0.724   -2.9431       7.06    1.9192    0.7409   0.4948    0.1732   0.2941    
  0.8    9.263153   4839.0   -0.588   4.621   0.724   -2.9547       7.06    1.9199    0.7409   0.4949    0.1732   0.294     
  0.8    9.270595   4839.0   -0.587   4.621   0.724   -2.9626       7.06    1.9205    0.7409   0.4949    0.1732   0.2939    
  0.8    9.277914   4840.0   -0.587   4.621   0.724   -2.9747       7.06    1.9212    0.7409   0.495     0.1732   0.2938    
  0.8    9.285112   4840.0   -0.586   4.62    0.725   -2.9872       7.06    1.9219    0.7409   0.495     0.1732   0.2938    
  0.8    9.292192   4841.0   -0.586   4.62    0.725   -3.0          7.06    1.9225    0.7409   0.4951    0.1732   0.2937    
  0.8    9.299159   4842.0   -0.586   4.62    0.725   -3.0101       7.061   1.9232    0.7409   0.4952    0.1732   0.2936    
  0.8    9.306015   4842.0   -0.585   4.62    0.725   -3.0214       7.061   1.9239    0.7409   0.4952    0.1732   0.2935    
  0.8    9.312763   4843.0   -0.585   4.62    0.725   -3.0329       7.061   1.9246    0.7409   0.4953    0.1731   0.2934    
  0.8    9.31941    4843.0   -0.584   4.619   0.726   -3.0443       7.061   1.9252    0.7409   0.4954    0.1731   0.2934    
  0.8    9.325957   4844.0   -0.584   4.619   0.726   -3.0555       7.061   1.9259    0.7409   0.4954    0.1731   0.2933    
  0.8    9.332406   4844.0   -0.584   4.619   0.726   -3.067        7.061   1.9266    0.7409   0.4955    0.1731   0.2932    
  0.8    9.338761   4845.0   -0.583   4.619   0.726   -3.0783       7.061   1.9273    0.7409   0.4955    0.1731   0.2932    
  0.8    9.345023   4845.0   -0.583   4.618   0.726   -3.0899       7.062   1.928     0.7409   0.4956    0.1731   0.2931    
  0.8    9.351197   4846.0   -0.582   4.618   0.726   -3.1013       7.062   1.9286    0.7409   0.4957    0.1731   0.293     
  0.8    9.357285   4847.0   -0.582   4.618   0.727   -3.1085       7.062   1.9293    0.7433   0.4999    0.1703   0.2946    
  0.8    9.363288   4847.0   -0.582   4.618   0.727   -3.1158       7.062   1.93      0.7433   0.5       0.1703   0.2945    
  0.8    9.36921    4848.0   -0.581   4.618   0.727   -3.1226       7.062   1.9307    0.7433   0.5001    0.1702   0.2944    
  0.8    9.375051   4848.0   -0.581   4.617   0.727   -3.1302       7.062   1.9314    0.7433   0.5001    0.1702   0.2943    
  0.8    9.380815   4849.0   -0.58    4.617   0.727   -3.1373       7.062   1.9321    0.7433   0.5002    0.1702   0.2943    
  0.8    9.386504   4849.0   -0.58    4.617   0.727   -3.1445       7.063   1.9328    0.7433   0.5002    0.1702   0.2942    
  0.8    9.39212    4850.0   -0.58    4.617   0.728   -3.1518       7.063   1.9334    0.7433   0.5003    0.1702   0.2941    
  0.8    9.397664   4850.0   -0.579   4.617   0.728   -3.1586       7.063   1.9341    0.7433   0.5004    0.1702   0.294     
  0.8    9.403136   4851.0   -0.579   4.616   0.728   -3.1662       7.063   1.9348    0.7433   0.5004    0.1702   0.2939    
  0.8    9.408542   4852.0   -0.578   4.616   0.728   -3.1733       7.063   1.9355    0.7433   0.5005    0.1702   0.2939    
  0.8    9.413881   4852.0   -0.578   4.616   0.728   -3.1805       7.063   1.9362    0.7433   0.5005    0.1701   0.2938    
  0.8    9.419156   4853.0   -0.577   4.616   0.728   -3.1878       7.064   1.9369    0.7433   0.5006    0.1701   0.2937    
  0.8    9.424367   4853.0   -0.577   4.616   0.729   -3.1952       7.064   1.9376    0.7433   0.5006    0.1701   0.2936    
  0.8    9.429517   4854.0   -0.577   4.615   0.729   -3.2027       7.064   1.9383    0.7433   0.5007    0.1701   0.2936    
  0.8    9.434604   4854.0   -0.576   4.615   0.729   -3.2097       7.064   1.939     0.7433   0.5008    0.1701   0.2935    
  0.8    9.439634   4855.0   -0.576   4.615   0.729   -3.2175       7.064   1.9397    0.7433   0.5008    0.1701   0.2934    
  0.8    9.444607   4855.0   -0.575   4.615   0.729   -3.2248       7.064   1.9404    0.7433   0.5009    0.1701   0.2933    
  0.8    9.449523   4856.0   -0.575   4.615   0.73    -3.2321       7.064   1.9411    0.7433   0.5009    0.1701   0.2933    
  0.8    9.454384   4857.0   -0.575   4.614   0.73    -3.2396       7.065   1.9418    0.7433   0.501     0.1701   0.2932    
  0.8    9.45919    4857.0   -0.574   4.614   0.73    -3.2464       7.065   1.9425    0.7433   0.5011    0.17     0.2931    
  0.8    9.463945   4858.0   -0.574   4.614   0.73    -3.2541       7.065   1.9432    0.7433   0.5011    0.17     0.293     
  0.8    9.468649   4858.0   -0.573   4.614   0.73    -3.2612       7.065   1.9439    0.7433   0.5012    0.17     0.2929    
  0.8    9.473302   4859.0   -0.573   4.613   0.73    -3.2684       7.065   1.9446    0.7433   0.5013    0.17     0.2929    
  0.8    9.477905   4859.0   -0.573   4.613   0.731   -3.2765       7.065   1.9453    0.7433   0.5013    0.17     0.2928    
  0.8    9.482459   4860.0   -0.572   4.613   0.731   -3.2832       7.066   1.946     0.7433   0.5014    0.17     0.2927    
  0.8    9.486967   4861.0   -0.572   4.613   0.731   -3.2907       7.066   1.9467    0.7433   0.5014    0.17     0.2926    
  0.8    9.491429   4861.0   -0.571   4.613   0.731   -3.2984       7.066   1.9475    0.7433   0.5015    0.1699   0.2925    
  0.8    9.495845   4862.0   -0.571   4.612   0.731   -3.3063       7.066   1.9482    0.7433   0.5016    0.1699   0.2925    
  0.8    9.500217   4862.0   -0.57    4.612   0.731   -3.3134       7.066   1.9489    0.7433   0.5016    0.1699   0.2924    
  0.8    9.504544   4863.0   -0.57    4.612   0.732   -3.3206       7.066   1.9496    0.7433   0.5017    0.1699   0.2923    
  0.8    9.50883    4863.0   -0.57    4.612   0.732   -3.3279       7.066   1.9503    0.7433   0.5017    0.1699   0.2922    
  0.8    9.513074   4864.0   -0.569   4.612   0.732   -3.3363       7.067   1.951     0.7433   0.5018    0.1699   0.2922    
  0.8    9.517276   4865.0   -0.569   4.611   0.732   -3.3429       7.067   1.9518    0.7433   0.5018    0.1699   0.2921    
  0.8    9.521439   4865.0   -0.568   4.611   0.732   -3.3507       7.067   1.9525    0.7433   0.5019    0.1699   0.292     
  0.8    9.525562   4866.0   -0.568   4.611   0.733   -3.3585       7.067   1.9532    0.7433   0.502     0.1699   0.2919    
  0.8    9.529645   4866.0   -0.568   4.611   0.733   -3.3655       7.067   1.9539    0.7433   0.502     0.1698   0.2918    
  0.8    9.533691   4867.0   -0.567   4.611   0.733   -3.3737       7.067   1.9546    0.7433   0.5021    0.1698   0.2918    
  0.8    9.537699   4867.0   -0.567   4.61    0.733   -3.3809       7.067   1.9554    0.7433   0.5021    0.1698   0.2917    
  0.8    9.541672   4868.0   -0.566   4.61    0.733   -3.3883       7.068   1.9561    0.7433   0.5022    0.1698   0.2916    
  0.8    9.545608   4869.0   -0.566   4.61    0.733   -3.3969       7.068   1.9568    0.7433   0.5022    0.1698   0.2915    
  0.8    9.549507   4869.0   -0.566   4.61    0.734   -3.4045       7.068   1.9575    0.7433   0.5023    0.1698   0.2914    
  0.8    9.553373   4870.0   -0.565   4.61    0.734   -3.4112       7.068   1.9583    0.7433   0.5023    0.1698   0.2914    
  0.8    9.557205   4870.0   -0.565   4.609   0.734   -3.4191       7.068   1.959     0.7433   0.5024    0.1698   0.2913    
  0.8    9.561004   4871.0   -0.564   4.609   0.734   -3.4271       7.069   1.9597    0.7433   0.5025    0.1697   0.2912    
  0.8    9.564769   4871.0   -0.564   4.609   0.734   -3.4342       7.069   1.9605    0.7433   0.5025    0.1697   0.2911    
  0.8    9.568501   4872.0   -0.564   4.609   0.734   -3.4425       7.069   1.9612    0.7433   0.5026    0.1697   0.291     
  0.8    9.572202   4873.0   -0.563   4.609   0.735   -3.4498       7.069   1.9619    0.7433   0.5026    0.1697   0.291     
  0.8    9.575872   4873.0   -0.563   4.608   0.735   -3.4584       7.069   1.9627    0.7433   0.5027    0.1697   0.2909    
  0.8    9.579512   4874.0   -0.562   4.608   0.735   -3.466        7.069   1.9634    0.7433   0.5027    0.1697   0.2908    
  0.8    9.583121   4874.0   -0.562   4.608   0.735   -3.4737       7.069   1.9641    0.7433   0.5028    0.1697   0.2907    
  0.8    9.586699   4875.0   -0.561   4.608   0.735   -3.4815       7.07    1.9649    0.7433   0.5029    0.1696   0.2907    
  0.8    9.590249   4875.0   -0.561   4.607   0.736   -3.4895       7.07    1.9656    0.7433   0.5029    0.1696   0.2906    
  0.8    9.59377    4876.0   -0.561   4.607   0.736   -3.4962       7.07    1.9663    0.7433   0.503     0.1696   0.2905    
  0.8    9.597263   4877.0   -0.56    4.607   0.736   -3.5045       7.07    1.9671    0.7433   0.5031    0.1696   0.2904    
  0.8    9.600728   4877.0   -0.56    4.607   0.736   -3.5129       7.07    1.9678    0.7433   0.5031    0.1696   0.2903    
  0.8    9.604164   4878.0   -0.559   4.607   0.736   -3.52         7.07    1.9686    0.7433   0.5032    0.1696   0.2902    
  0.8    9.607575   4878.0   -0.559   4.606   0.736   -3.5272       7.071   1.9693    0.7433   0.5032    0.1696   0.2902    
  0.8    9.610959   4879.0   -0.558   4.606   0.737   -3.5361       7.071   1.9701    0.7433   0.5033    0.1696   0.2901    
  0.8    9.614317   4880.0   -0.558   4.606   0.737   -3.5436       7.071   1.9708    0.7433   0.5033    0.1696   0.29      
  0.8    9.617649   4880.0   -0.558   4.606   0.737   -3.5513       7.071   1.9716    0.7433   0.5034    0.1695   0.2899    
  0.8    9.620956   4881.0   -0.557   4.606   0.737   -3.5591       7.071   1.9723    0.7433   0.5035    0.1695   0.2898    
  0.8    9.624237   4881.0   -0.557   4.605   0.737   -3.567        7.071   1.9731    0.7433   0.5035    0.1695   0.2898    
  0.8    9.627494   4882.0   -0.556   4.605   0.738   -3.5751       7.072   1.9738    0.7433   0.5036    0.1695   0.2897    
  0.8    9.630727   4882.0   -0.556   4.605   0.738   -3.5834       7.072   1.9746    0.7433   0.5036    0.1695   0.2896    
  0.8    9.633936   4883.0   -0.556   4.605   0.738   -3.5918       7.072   1.9753    0.7433   0.5037    0.1695   0.2895    
  0.8    9.637121   4884.0   -0.555   4.604   0.738   -3.5986       7.072   1.9761    0.7433   0.5038    0.1695   0.2894    
  0.8    9.640283   4884.0   -0.555   4.604   0.738   -3.6073       7.072   1.9769    0.7433   0.5038    0.1694   0.2893    
  0.8    9.643422   4885.0   -0.554   4.604   0.738   -3.6144       7.072   1.9776    0.7433   0.5039    0.1694   0.2893    
  0.8    9.646539   4885.0   -0.554   4.604   0.739   -3.6234       7.073   1.9784    0.7433   0.5039    0.1694   0.2892    
  0.8    9.649634   4886.0   -0.553   4.604   0.739   -3.6308       7.073   1.9791    0.7433   0.504     0.1694   0.2891    
  0.8    9.652707   4887.0   -0.553   4.603   0.739   -3.6383       7.073   1.9799    0.7433   0.5041    0.1694   0.289     
  0.8    9.655757   4887.0   -0.553   4.603   0.739   -3.6478       7.073   1.9807    0.7433   0.5041    0.1694   0.2889    
  0.8    9.658787   4888.0   -0.552   4.603   0.739   -3.6556       7.073   1.9814    0.7433   0.5042    0.1694   0.2888    
  0.8    9.661796   4888.0   -0.552   4.603   0.74    -3.6635       7.073   1.9822    0.7433   0.5042    0.1694   0.2888    
  0.8    9.664784   4889.0   -0.551   4.603   0.74    -3.6716       7.074   1.983     0.7433   0.5043    0.1693   0.2887    
  0.8    9.667752   4889.0   -0.551   4.602   0.74    -3.6799       7.074   1.9837    0.7433   0.5043    0.1693   0.2886    
  0.8    9.670698   4890.0   -0.55    4.602   0.74    -3.6882       7.074   1.9845    0.7433   0.5044    0.1693   0.2885    
  0.8    9.673626   4891.0   -0.55    4.602   0.74    -3.6968       7.074   1.9853    0.7433   0.5045    0.1693   0.2884    
  0.8    9.676534   4891.0   -0.55    4.602   0.74    -3.7033       7.074   1.986     0.7433   0.5045    0.1693   0.2883    
  0.8    9.679423   4892.0   -0.549   4.601   0.741   -3.7122       7.074   1.9868    0.7433   0.5046    0.1693   0.2883    
  0.8    9.682293   4892.0   -0.549   4.601   0.741   -3.7212       7.075   1.9876    0.7433   0.5046    0.1693   0.2882    
  0.8    9.685144   4893.0   -0.548   4.601   0.741   -3.7282       7.075   1.9884    0.7433   0.5047    0.1693   0.2881    
  0.8    9.687976   4894.0   -0.548   4.601   0.741   -3.7375       7.075   1.9891    0.7433   0.5048    0.1692   0.288     
  0.8    9.69079    4894.0   -0.547   4.601   0.741   -3.7447       7.075   1.9899    0.7433   0.5048    0.1692   0.2879    
  0.8    9.693585   4895.0   -0.547   4.6     0.742   -3.7545       7.075   1.9907    0.7433   0.5049    0.1692   0.2878    
  0.8    9.696363   4895.0   -0.547   4.6     0.742   -3.762        7.075   1.9914    0.7433   0.505     0.1692   0.2878    
  0.8    9.699124   4896.0   -0.546   4.6     0.742   -3.7696       7.076   1.9922    0.7433   0.505     0.1692   0.2877    
  0.8    9.701866   4897.0   -0.546   4.6     0.742   -3.7773       7.076   1.993     0.7433   0.5051    0.1692   0.2876    
  0.8    9.704591   4897.0   -0.545   4.599   0.742   -3.7878       7.076   1.9938    0.7433   0.5051    0.1691   0.2875    
  0.8    9.7073     4898.0   -0.545   4.599   0.743   -3.7959       7.076   1.9946    0.7433   0.5052    0.1691   0.2874    
  0.8    9.709992   4898.0   -0.544   4.599   0.743   -3.8041       7.076   1.9954    0.7433   0.5053    0.1691   0.2873    
  0.8    9.712667   4899.0   -0.544   4.599   0.743   -3.8125       7.077   1.9962    0.7433   0.5053    0.1691   0.2873    
  0.8    9.715325   4899.0   -0.544   4.599   0.743   -3.821        7.077   1.997     0.7433   0.5054    0.1691   0.2872    
  0.8    9.717968   4900.0   -0.543   4.598   0.743   -3.8297       7.077   1.9978    0.7433   0.5054    0.1691   0.2871    
  0.8    9.720595   4901.0   -0.543   4.598   0.743   -3.8356       7.077   1.9985    0.7433   0.5055    0.1691   0.287     
  0.8    9.723206   4901.0   -0.542   4.598   0.744   -3.8447       7.077   1.9993    0.7433   0.5056    0.1691   0.2869    
  0.8    9.725801   4902.0   -0.542   4.598   0.744   -3.8539       7.077   2.0001    0.7433   0.5056    0.169    0.2868    
  0.8    9.728381   4903.0   -0.541   4.597   0.744   -3.8633       7.078   2.0009    0.7433   0.5057    0.169    0.2868    
  0.8    9.730945   4903.0   -0.541   4.597   0.744   -3.8697       7.078   2.0017    0.7433   0.5057    0.169    0.2867    
  0.8    9.733495   4904.0   -0.54    4.597   0.744   -3.8794       7.078   2.0025    0.7433   0.5058    0.169    0.2866    
  0.8    9.73603    4905.0   -0.54    4.597   0.745   -3.8861       7.078   2.0033    0.7433   0.5058    0.169    0.2865    
  0.8    9.73855    4905.0   -0.54    4.597   0.745   -3.8962       7.078   2.0041    0.7433   0.5059    0.169    0.2864    
  0.8    9.741055   4906.0   -0.539   4.596   0.745   -3.9031       7.079   2.0049    0.7433   0.506     0.169    0.2863    
  0.8    9.743546   4906.0   -0.539   4.596   0.745   -3.9136       7.079   2.0057    0.7433   0.506     0.1689   0.2863    
  0.8    9.746023   4907.0   -0.538   4.596   0.745   -3.9172       7.079   2.0065    0.7458   0.5106    0.1661   0.2878    
  0.8    9.748486   4908.0   -0.538   4.596   0.746   -3.9245       7.079   2.0073    0.7458   0.5107    0.1661   0.2878    
  0.8    9.750935   4908.0   -0.537   4.596   0.746   -3.9281       7.079   2.008     0.7458   0.5108    0.1661   0.2877    
  0.8    9.75337    4909.0   -0.537   4.595   0.746   -3.9318       7.08    2.0089    0.7458   0.5108    0.1661   0.2876    
  0.8    9.755791   4910.0   -0.536   4.595   0.746   -3.9393       7.08    2.0096    0.7458   0.5109    0.1661   0.2875    
  0.8    9.758199   4910.0   -0.536   4.595   0.746   -3.9431       7.08    2.0104    0.7458   0.5109    0.166    0.2874    
  0.8    9.760594   4911.0   -0.536   4.595   0.746   -3.9508       7.08    2.0112    0.7458   0.511     0.166    0.2873    
  0.8    9.762976   4911.0   -0.535   4.594   0.747   -3.9547       7.08    2.0121    0.7458   0.5111    0.166    0.2873    
  0.8    9.765345   4912.0   -0.535   4.594   0.747   -3.9586       7.08    2.0129    0.7458   0.5112    0.166    0.2872    
  0.8    9.7677     4913.0   -0.534   4.594   0.747   -3.9666       7.081   2.0137    0.7458   0.5112    0.166    0.2871    
  0.8    9.770044   4913.0   -0.534   4.594   0.747   -3.9706       7.081   2.0145    0.7458   0.5113    0.166    0.287     
  0.8    9.772375   4914.0   -0.533   4.593   0.747   -3.9747       7.081   2.0154    0.7458   0.5114    0.166    0.2869    
  0.8    9.779292   4916.0   -0.532   4.593   0.748   -3.9914       7.082   2.0178    0.7458   0.5115    0.1659   0.2867    
  0.8    9.790582   4919.0   -0.53    4.592   0.749   -4.0173       7.082   2.022     0.7458   0.5119    0.1659   0.2863    
  0.8    9.799408   4922.0   -0.528   4.591   0.75    -4.0386       7.083   2.0253    0.7458   0.5121    0.1658   0.2859    
  0.8    9.810194   4925.0   -0.526   4.59    0.751   -4.0655       7.084   2.0295    0.7458   0.5124    0.1657   0.2855    
  0.8    9.820718   4928.0   -0.523   4.589   0.752   -4.0926       7.085   2.0339    0.7458   0.5127    0.1657   0.2851    
  0.8    9.830993   4932.0   -0.521   4.587   0.753   -4.1198       7.086   2.038     0.7458   0.5131    0.1656   0.2846    
  0.8    9.839041   4934.0   -0.519   4.586   0.754   -4.1415       7.087   2.0417    0.7458   0.5133    0.1655   0.2843    
  0.8    9.850841   4938.0   -0.516   4.585   0.755   -4.1752       7.088   2.0466    0.7458   0.5138    0.1655   0.2838    
  0.8    9.860435   4942.0   -0.514   4.584   0.756   -4.2034       7.089   2.0514    0.7458   0.5141    0.1654   0.2833    
  0.8    9.869822   4945.0   -0.512   4.583   0.757   -4.2314       7.09    2.0559    0.7458   0.5144    0.1653   0.2828    
  0.8    9.87901    4948.0   -0.509   4.581   0.758   -4.2596       7.091   2.0598    0.7458   0.5148    0.1653   0.2824    
  0.8    9.889785   4953.0   -0.506   4.58    0.759   -4.295        7.092   2.0657    0.7458   0.5152    0.1652   0.2818    
  0.8    9.900299   4956.0   -0.503   4.578   0.76    -4.3298       7.093   2.0709    0.7458   0.5156    0.1651   0.2813    
  0.8    9.910565   4961.0   -0.5     4.577   0.762   -4.3655       7.094   2.0768    0.7458   0.516     0.165    0.2807    
  0.8    9.920593   4964.0   -0.498   4.575   0.763   -4.4012       7.096   2.0819    0.7458   0.5165    0.1649   0.2802    
  0.8    9.930396   4969.0   -0.494   4.574   0.765   -4.4365       7.097   2.0879    0.7458   0.517     0.1648   0.2796    
  0.8    9.939982   4973.0   -0.491   4.572   0.766   -4.4737       7.098   2.0939    0.7458   0.5174    0.1647   0.279     
  0.8    9.949361   4977.0   -0.489   4.571   0.767   -4.4962       7.099   2.0992    0.748    0.5224    0.162    0.28      
  0.8    9.960053   4982.0   -0.485   4.569   0.769   -4.5229       7.101   2.1066    0.748    0.523     0.1619   0.2793    
  0.8    9.969013   4986.0   -0.482   4.567   0.77    -4.5452       7.102   2.1123    0.748    0.5235    0.1618   0.2787    
  0.8    9.979237   4991.0   -0.478   4.565   0.772   -4.5719       7.104   2.1196    0.748    0.5241    0.1617   0.278     
  0.8    9.989226   4996.0   -0.474   4.563   0.774   -4.6003       7.105   2.1267    0.748    0.5246    0.1616   0.2773    
  0.8    9.998991   5001.0   -0.47    4.561   0.776   -4.6271       7.107   2.1342    0.748    0.5253    0.1615   0.2766    
