# Mass   time       Teff     L/Ls     g       R/Rs    Log(Li/Li0)   logTc   logROc    Mrad     Rrad     k2conv    k2rad     
  1.0    5.693063   4397.0   0.508    3.456   3.096   0.0           6.402   -0.5378   0.0      0.0      0.4479    0.0       
  1.0    5.699731   4397.0   0.503    3.461   3.079   0.0           6.404   -0.5308   0.0      0.0      0.448     0.0       
  1.0    5.713101   4396.0   0.493    3.47    3.045   0.0           6.409   -0.5167   0.0      0.0      0.4481    0.0       
  1.0    5.7198     4396.0   0.488    3.475   3.029   0.0           6.412   -0.5097   0.0      0.0      0.4481    0.0       
  1.0    5.733232   4395.0   0.479    3.485   2.995   0.0           6.416   -0.4956   0.0      0.0      0.4482    0.0       
  1.0    5.739961   4395.0   0.474    3.489   2.979   0.0           6.418   -0.4886   0.0      0.0      0.4482    0.0       
  1.0    5.753449   4394.0   0.464    3.499   2.946   0.0           6.423   -0.4746   0.0      0.0      0.4483    0.0       
  1.0    5.760208   4394.0   0.459    3.504   2.93    0.0           6.426   -0.4675   0.0      0.0      0.4484    0.0       
  1.0    5.773752   4393.0   0.449    3.513   2.898   0.0           6.43    -0.4535   0.0      0.0      0.4485    0.0       
  1.0    5.780538   4393.0   0.444    3.518   2.882   0.0           6.433   -0.4464   0.0      0.0      0.4485    0.0       
  1.0    5.794137   4392.0   0.434    3.528   2.851   0.0           6.437   -0.4323   0.0      0.0      0.4486    0.0       
  1.0    5.800949   4392.0   0.429    3.532   2.835   0.0           6.439   -0.4253   0.0      0.0      0.4487    0.0       
  1.0    5.814599   4391.0   0.419    3.542   2.804   0.0           6.444   -0.4112   0.0      0.0      0.4487    0.0       
  1.0    5.821436   4390.0   0.415    3.547   2.789   0.0           6.446   -0.4042   0.0      0.0      0.4488    0.0       
  1.0    5.835137   4389.0   0.405    3.556   2.758   0.0           6.451   -0.3901   0.0      0.0      0.4489    0.0       
  1.0    5.841999   4389.0   0.4      3.561   2.743   0.0           6.453   -0.3831   0.0      0.0      0.4489    0.0       
  1.0    5.855747   4388.0   0.39     3.571   2.713   0.0           6.458   -0.369    0.0      0.0      0.449     0.0       
  1.0    5.862633   4388.0   0.385    3.575   2.698   0.0           6.46    -0.362    0.0      0.0      0.4491    0.0       
  1.0    5.869527   4387.0   0.38     3.58    2.683   0.0           6.463   -0.3549   0.0      0.0      0.4491    0.0       
  1.0    5.883335   4386.0   0.37     3.59    2.654   0.0           6.467   -0.3409   0.0      0.0      0.4492    0.0       
  1.0    5.89025    4386.0   0.365    3.595   2.639   0.0           6.47    -0.3338   0.0      0.0      0.4492    0.0       
  1.0    5.9041     4385.0   0.355    3.604   2.61    0.0           6.474   -0.3197   0.0      0.0      0.4493    0.0       
  1.0    5.911036   4384.0   0.35     3.609   2.596   0.0           6.477   -0.3127   0.0      0.0      0.4494    0.0       
  1.0    5.924927   4383.0   0.34     3.619   2.567   0.0           6.481   -0.2986   0.0      0.0      0.4495    0.0       
  1.0    5.931884   4383.0   0.335    3.623   2.553   0.0           6.484   -0.2916   0.0      0.0      0.4495    0.0       
  1.0    5.945815   4382.0   0.325    3.633   2.525   0.0           6.488   -0.2775   0.0      0.0      0.4496    0.0       
  1.0    5.952791   4381.0   0.32     3.638   2.511   0.0           6.491   -0.2705   0.0      0.0      0.4496    0.0       
  1.0    5.959773   4380.0   0.315    3.642   2.498   0.0           6.493   -0.2634   0.0      0.0      0.4497    0.0       
  1.0    5.973755   4379.0   0.305    3.652   2.47    0.0           6.498   -0.2493   0.0      0.0      0.4497    0.0       
  1.0    5.980759   4379.0   0.3      3.657   2.457   0.0           6.5     -0.2423   0.0      0.0      0.4498    0.0       
  1.0    5.994779   4378.0   0.29     3.666   2.43    0.0           6.505   -0.2282   0.0      0.0      0.4499    0.0       
  1.0    6.001799   4377.0   0.285    3.671   2.416   0.0           6.507   -0.2212   0.0      0.0      0.4499    0.0       
  1.0    6.015863   4376.0   0.275    3.681   2.39    0.0           6.511   -0.2071   0.0      0.0      0.45      0.0       
  1.0    6.022902   4375.0   0.27     3.686   2.377   0.0           6.514   -0.2      0.0      0.0      0.45      0.0       
  1.0    6.029948   4375.0   0.265    3.69    2.364   0.0           6.516   -0.193    0.0      0.0      0.4501    0.0       
  1.0    6.044057   4373.0   0.255    3.7     2.338   0.0           6.521   -0.1789   0.0      0.0      0.4502    0.0       
  1.0    6.051122   4373.0   0.25     3.705   2.325   0.0           6.523   -0.1718   0.0      0.0      0.4502    0.0       
  1.0    6.06527    4371.0   0.24     3.714   2.299   0.0           6.528   -0.1577   0.0      0.0      0.4503    0.0       
  1.0    6.072353   4371.0   0.235    3.719   2.287   -4.0E-4       6.53    -0.1507   0.0      0.0      0.4503    0.0       
  1.0    6.079445   4370.0   0.229    3.724   2.274   -4.0E-4       6.533   -0.1436   0.0      0.0      0.4504    0.0       
  1.0    6.093642   4369.0   0.219    3.733   2.249   -4.0E-4       6.537   -0.1295   0.0      0.0      0.4504    0.0       
  1.0    6.100753   4368.0   0.214    3.738   2.237   -4.0E-4       6.54    -0.1224   0.0      0.0      0.4505    0.0       
  1.0    6.114991   4367.0   0.204    3.748   2.212   -4.0E-4       6.544   -0.1083   0.0      0.0      0.4505    0.0       
  1.0    6.122121   4366.0   0.199    3.753   2.2     -4.0E-4       6.547   -0.1013   0.0      0.0      0.4506    0.0       
  1.0    6.129255   4366.0   0.194    3.757   2.188   -9.0E-4       6.549   -0.0942   0.0      0.0      0.4506    0.0       
  1.0    6.143543   4364.0   0.184    3.767   2.164   -9.0E-4       6.554   -0.0801   0.0      0.0      0.4507    0.0       
  1.0    6.150695   4364.0   0.179    3.772   2.152   -9.0E-4       6.556   -0.073    0.0      0.0      0.4507    0.0       
  1.0    6.165016   4362.0   0.169    3.781   2.129   -0.0013       6.561   -0.0588   0.0      0.0      0.4508    0.0       
  1.0    6.172185   4362.0   0.164    3.786   2.117   -0.0017       6.563   -0.0518   0.0      0.0      0.4508    0.0       
  1.0    6.179356   4361.0   0.159    3.791   2.105   -0.0017       6.565   -0.0447   0.0      0.0      0.4508    0.0       
  1.0    6.19372    4360.0   0.149    3.8     2.082   -0.0022       6.57    -0.0305   0.0      0.0      0.4509    0.0       
  1.0    6.200908   4359.0   0.144    3.805   2.071   -0.0026       6.572   -0.0234   0.0      0.0      0.4509    0.0       
  1.0    6.215294   4358.0   0.134    3.815   2.048   -0.0035       6.577   -0.0092   5.0E-4   0.0878   0.451     5.632E-4  
  1.0    6.222493   4357.0   0.128    3.82    2.037   -0.0039       6.58    -0.0021   0.0016   0.131    0.451     0.001599  
  1.0    6.229695   4356.0   0.123    3.824   2.026   -0.0044       6.582   0.0051    0.0028   0.1586   0.451     0.002621  
  1.0    6.244106   4355.0   0.113    3.834   2.004   -0.0057       6.586   0.0194    0.0067   0.2093   0.4511    0.005348  
  1.0    6.251317   4354.0   0.108    3.839   1.993   -0.0061       6.589   0.0266    0.0082   0.2232   0.4511    0.006366  
  1.0    6.265744   4353.0   0.098    3.848   1.971   -0.0074       6.593   0.0411    0.0112   0.2458   0.4511    0.008302  
  1.0    6.272964   4352.0   0.093    3.853   1.96    -0.0083       6.595   0.0484    0.0143   0.2652   0.4511    0.01016   
  1.0    6.280182   4352.0   0.088    3.858   1.949   -0.0092       6.597   0.0557    0.0173   0.2817   0.4511    0.01194   
  1.0    6.294632   4350.0   0.078    3.867   1.928   -0.011        6.602   0.0703    0.0233   0.3088   0.451     0.01537   
  1.0    6.301859   4350.0   0.073    3.872   1.917   -0.0119       6.604   0.0777    0.0267   0.3216   0.451     0.0172    
  1.0    6.309091   4349.0   0.068    3.877   1.907   -0.0128       6.606   0.0851    0.03     0.3332   0.4509    0.019     
  1.0    6.322261   4348.0   0.059    3.886   1.888   -0.015        6.61    0.0986    0.0367   0.3538   0.4508    0.02251   
  1.0    6.329278   4347.0   0.054    3.89    1.878   -0.0159       6.612   0.1058    0.0367   0.3519   0.4508    0.0225    
  1.0    6.341858   4346.0   0.045    3.898   1.86    -0.0182       6.615   0.1188    0.0434   0.3695   0.4507    0.02592   
  1.0    6.352071   4344.0   0.038    3.905   1.846   -0.02         6.618   0.1294    0.0507   0.3875   0.4505    0.0296    
  1.0    6.362047   4343.0   0.031    3.912   1.832   -0.0223       6.621   0.1398    0.0581   0.4035   0.4503    0.03322   
  1.0    6.371801   4342.0   0.024    3.918   1.818   -0.0241       6.624   0.15      0.0581   0.4005   0.4503    0.03321   
  1.0    6.381213   4341.0   0.017    3.924   1.805   -0.0264       6.626   0.1599    0.0655   0.415    0.4501    0.03675   
  1.0    6.390571   4340.0   0.011    3.931   1.793   -0.0287       6.629   0.1698    0.0729   0.4281   0.4498    0.04024   
  1.0    6.399111   4339.0   0.005    3.936   1.781   -0.0311       6.631   0.1789    0.0729   0.4253   0.4498    0.04023   
  1.0    6.409157   4338.0   -0.002   3.943   1.768   -0.0334       6.634   0.1896    0.0802   0.4369   0.4495    0.04367   
  1.0    6.419333   4337.0   -0.009   3.949   1.754   -0.0367       6.637   0.2005    0.0876   0.4476   0.4492    0.04707   
  1.0    6.431084   4336.0   -0.018   3.957   1.739   -0.04         6.64    0.2132    0.095    0.4569   0.4488    0.05042   
  1.0    6.441943   4334.0   -0.025   3.964   1.725   -0.0438       6.643   0.2249    0.1023   0.4657   0.4484    0.05374   
  1.0    6.453005   4333.0   -0.033   3.971   1.71    -0.0472       6.646   0.2369    0.1097   0.4738   0.448     0.05702   
  1.0    6.460095   4332.0   -0.038   3.976   1.701   -0.0496       6.647   0.2445    0.1097   0.4711   0.448     0.057     
  1.0    6.474792   4330.0   -0.048   3.985   1.683   -0.055        6.651   0.2605    0.1245   0.4883   0.4472    0.06351   
  1.0    6.482154   4330.0   -0.053   3.99    1.674   -0.058        6.653   0.2686    0.1245   0.4855   0.4471    0.06348   
  1.0    6.48953    4329.0   -0.058   3.995   1.665   -0.0605       6.655   0.2767    0.1318   0.4933   0.4467    0.06669   
  1.0    6.504315   4327.0   -0.068   4.004   1.647   -0.0665       6.659   0.293     0.1392   0.4978   0.4462    0.06984   
  1.0    6.511724   4326.0   -0.073   4.009   1.638   -0.0696       6.661   0.3012    0.1466   0.5048   0.4456    0.073     
  1.0    6.51915    4325.0   -0.078   4.014   1.629   -0.0731       6.662   0.3094    0.1539   0.5115   0.4451    0.07615   
  1.0    6.534043   4323.0   -0.089   4.023   1.611   -0.0794       6.666   0.3261    0.1613   0.5148   0.4445    0.07922   
  1.0    6.541513   4323.0   -0.094   4.028   1.603   -0.083        6.668   0.3344    0.1687   0.5207   0.4439    0.08232   
  1.0    6.549      4322.0   -0.099   4.033   1.594   -0.0867       6.67    0.3429    0.176    0.5265   0.4432    0.08541   
  1.0    6.564023   4320.0   -0.109   4.042   1.577   -0.0937       6.673   0.3598    0.1834   0.5287   0.4425    0.08841   
  1.0    6.571563   4319.0   -0.114   4.047   1.568   -0.098        6.675   0.3684    0.1908   0.5339   0.4419    0.09145   
  1.0    6.579123   4318.0   -0.119   4.051   1.56    -0.1018       6.677   0.377     0.1982   0.5388   0.4412    0.09448   
  1.0    6.594215   4317.0   -0.129   4.061   1.543   -0.1101       6.681   0.3943    0.2055   0.5402   0.4404    0.09742   
  1.0    6.60172    4316.0   -0.134   4.065   1.535   -0.1141       6.683   0.403     0.2129   0.5447   0.4396    0.1004    
  1.0    6.609198   4315.0   -0.139   4.07    1.527   -0.1186       6.684   0.4116    0.2203   0.5491   0.4389    0.1034    
  1.0    6.624074   4314.0   -0.148   4.079   1.511   -0.1278       6.688   0.429     0.2276   0.55     0.438     0.1063    
  1.0    6.631471   4314.0   -0.153   4.084   1.503   -0.1325       6.69    0.4376    0.235    0.554    0.4371    0.1092    
  1.0    6.646185   4313.0   -0.162   4.093   1.487   -0.1415       6.694   0.4549    0.2498   0.5616   0.4354    0.1151    
  1.0    6.653501   4312.0   -0.167   4.097   1.48    -0.1463       6.695   0.4636    0.2571   0.5652   0.4345    0.118     
  1.0    6.66079    4312.0   -0.172   4.101   1.472   -0.1512       6.697   0.4722    0.2571   0.5619   0.4344    0.1179    
  1.0    6.675287   4311.0   -0.181   4.11    1.458   -0.1618       6.7     0.4896    0.2719   0.5687   0.4325    0.1236    
  1.0    6.682495   4310.0   -0.185   4.114   1.451   -0.1662       6.702   0.4982    0.2792   0.572    0.4315    0.1265    
  1.0    6.689676   4310.0   -0.19    4.119   1.443   -0.1713       6.704   0.5069    0.2844   0.5732   0.4308    0.1285    
  1.0    6.703958   4310.0   -0.198   4.127   1.429   -0.1818       6.707   0.5242    0.2948   0.5755   0.4292    0.1324    
  1.0    6.711058   4309.0   -0.202   4.131   1.422   -0.1871       6.709   0.5329    0.3046   0.5806   0.4278    0.1362    
  1.0    6.725175   4309.0   -0.211   4.14    1.409   -0.1979       6.713   0.5502    0.3144   0.5821   0.4263    0.1399    
  1.0    6.732191   4309.0   -0.215   4.144   1.402   -0.2034       6.714   0.5589    0.3144   0.5787   0.4261    0.1396    
  1.0    6.73918    4309.0   -0.219   4.148   1.396   -0.209        6.716   0.5675    0.3243   0.5835   0.4247    0.1434    
  1.0    6.753071   4309.0   -0.227   4.156   1.383   -0.2197       6.719   0.5849    0.3341   0.5847   0.423     0.147     
  1.0    6.759974   4309.0   -0.231   4.16    1.377   -0.2255       6.721   0.5936    0.3439   0.5892   0.4214    0.1508    
  1.0    6.773694   4310.0   -0.239   4.168   1.364   -0.2373       6.724   0.6109    0.3537   0.5903   0.4196    0.1543    
  1.0    6.780511   4310.0   -0.242   4.172   1.358   -0.2426       6.726   0.6196    0.3635   0.5946   0.418     0.158     
  1.0    6.794058   4311.0   -0.25    4.179   1.346   -0.2541       6.729   0.6369    0.3734   0.5954   0.4161    0.1614    
  1.0    6.800789   4311.0   -0.253   4.183   1.34    -0.2588       6.731   0.6456    0.38     0.5971   0.4148    0.1639    
  1.0    6.814162   4312.0   -0.26    4.191   1.329   -0.2708       6.735   0.663     0.3866   0.5955   0.4134    0.166     
  1.0    6.820806   4313.0   -0.264   4.194   1.323   -0.2765       6.736   0.6716    0.3933   0.5971   0.4121    0.1684    
  1.0    6.834005   4314.0   -0.271   4.202   1.312   -0.2882       6.74    0.689     0.4026   0.5973   0.4101    0.1715    
  1.0    6.84056    4315.0   -0.274   4.205   1.307   -0.2933       6.741   0.6977    0.4119   0.6009   0.4083    0.1749    
  1.0    6.853581   4317.0   -0.28    4.212   1.296   -0.3045       6.745   0.715     0.4212   0.601    0.4062    0.178     
  1.0    6.860046   4318.0   -0.283   4.216   1.291   -0.3107       6.746   0.7237    0.4304   0.6044   0.4043    0.1814    
  1.0    6.872887   4320.0   -0.289   4.223   1.28    -0.3215       6.75    0.7411    0.4397   0.6045   0.4022    0.1844    
  1.0    6.879261   4322.0   -0.292   4.226   1.275   -0.3261       6.751   0.7498    0.449    0.6078   0.4002    0.1878    
  1.0    6.891919   4324.0   -0.298   4.233   1.266   -0.3382       6.755   0.7672    0.4583   0.6079   0.3979    0.1908    
  1.0    6.904453   4327.0   -0.303   4.24    1.256   -0.3487       6.758   0.7845    0.4676   0.6079   0.3956    0.1937    
  1.0    6.910673   4329.0   -0.306   4.243   1.251   -0.3536       6.76    0.7932    0.4757   0.6103   0.3937    0.1965    
  1.0    6.923021   4332.0   -0.311   4.249   1.242   -0.3625       6.763   0.8106    0.4919   0.6151   0.3898    0.2022    
  1.0    6.929148   4334.0   -0.314   4.252   1.238   -0.3675       6.765   0.8193    0.4975   0.6157   0.3883    0.204     
  1.0    6.941306   4338.0   -0.318   4.259   1.229   -0.3757       6.769   0.8367    0.5087   0.617    0.3854    0.2076    
  1.0    6.953337   4342.0   -0.323   4.265   1.22    -0.3851       6.772   0.8541    0.5199   0.6183   0.3823    0.2111    
  1.0    6.959304   4344.0   -0.325   4.268   1.216   -0.3883       6.774   0.8628    0.5255   0.619    0.3807    0.2129    
  1.0    6.971143   4349.0   -0.329   4.273   1.208   -0.3969       6.777   0.8802    0.5366   0.6203   0.3775    0.2164    
  1.0    6.982852   4354.0   -0.332   4.279   1.2     -0.4045       6.781   0.8976    0.5478   0.6216   0.3743    0.2199    
  1.0    6.994433   4360.0   -0.336   4.285   1.192   -0.4134       6.784   0.915     0.5534   0.6191   0.3723    0.221     
  1.0    7.000174   4363.0   -0.337   4.288   1.189   -0.4168       6.786   0.9237    0.559    0.6198   0.3706    0.2227    
  1.0    7.011562   4369.0   -0.34    4.293   1.181   -0.4248       6.789   0.9412    0.5702   0.6212   0.3671    0.2261    
  1.0    7.022816   4375.0   -0.343   4.298   1.174   -0.4318       6.793   0.9586    0.5814   0.6227   0.3636    0.2294    
  1.0    7.033946   4382.0   -0.345   4.303   1.167   -0.4389       6.796   0.976     0.5926   0.6242   0.36      0.2327    
  1.0    7.039458   4385.0   -0.346   4.306   1.164   -0.4425       6.798   0.9847    0.5982   0.625    0.3581    0.2343    
  1.0    7.050387   4393.0   -0.348   4.311   1.157   -0.4486       6.802   1.0022    0.6094   0.6267   0.3544    0.2376    
  1.0    7.061185   4401.0   -0.35    4.315   1.151   -0.4535       6.806   1.0196    0.6206   0.6284   0.3505    0.2407    
  1.0    7.071853   4409.0   -0.351   4.32    1.145   -0.4597       6.809   1.037     0.6262   0.6262   0.3481    0.2416    
  1.0    7.08239    4418.0   -0.352   4.325   1.139   -0.4647       6.813   1.0545    0.636    0.6271   0.3445    0.2442    
  1.0    7.092794   4427.0   -0.353   4.329   1.133   -0.4698       6.817   1.0719    0.6458   0.628    0.3408    0.2467    
  1.0    7.103064   4437.0   -0.354   4.333   1.128   -0.4737       6.821   1.0894    0.6556   0.6291   0.3371    0.2491    
  1.0    7.113208   4447.0   -0.354   4.337   1.123   -0.4776       6.824   1.1068    0.671    0.6344   0.3314    0.2539    
  1.0    7.123221   4457.0   -0.353   4.341   1.118   -0.4815       6.828   1.1243    0.6766   0.6325   0.3288    0.2545    
  1.0    7.133104   4468.0   -0.353   4.345   1.113   -0.4855       6.832   1.1418    0.6878   0.635    0.3243    0.2575    
  1.0    7.142855   4480.0   -0.352   4.348   1.108   -0.4881       6.836   1.1592    0.699    0.6376   0.3196    0.2604    
  1.0    7.152478   4491.0   -0.351   4.352   1.104   -0.4908       6.84    1.1767    0.7046   0.636    0.3169    0.2609    
  1.0    7.161976   4504.0   -0.349   4.355   1.1     -0.4935       6.844   1.1942    0.7157   0.6389   0.312     0.2637    
  1.0    7.171346   4517.0   -0.348   4.358   1.096   -0.4962       6.848   1.2116    0.7213   0.6375   0.3091    0.2641    
  1.0    7.180593   4530.0   -0.345   4.361   1.092   -0.4976       6.852   1.2291    0.7325   0.6407   0.3041    0.2669    
  1.0    7.189718   4544.0   -0.343   4.364   1.088   -0.4989       6.856   1.2466    0.7437   0.6441   0.2989    0.2696    
  1.0    7.20318    4566.0   -0.339   4.368   1.083   -0.5017       6.862   1.2728    0.7549   0.645    0.2931    0.2712    
  1.0    7.212006   4581.0   -0.335   4.371   1.08    -0.5031       6.867   1.2903    0.7605   0.6441   0.2899    0.2715    
  1.0    7.220715   4597.0   -0.332   4.373   1.077   -0.5045       6.871   1.3078    0.7717   0.6482   0.2844    0.2741    
  1.0    7.229305   4614.0   -0.327   4.375   1.075   -0.5058       6.875   1.3253    0.7773   0.6476   0.2811    0.2742    
  1.0    7.24198    4641.0   -0.32    4.378   1.071   -0.5072       6.882   1.3515    0.7871   0.6481   0.2754    0.2749    
  1.0    7.250286   4660.0   -0.315   4.38    1.068   -0.5086       6.886   1.369     0.7941   0.6491   0.2713    0.2756    
  1.0    7.262541   4689.0   -0.307   4.383   1.065   -0.5086       6.893   1.3953    0.8053   0.6515   0.2647    0.2768    
  1.0    7.270579   4709.0   -0.301   4.384   1.063   -0.51         6.898   1.4128    0.8165   0.6571   0.2583    0.2792    
  1.0    7.28243    4740.0   -0.292   4.386   1.061   -0.51         6.905   1.439     0.8277   0.6605   0.2513    0.2804    
  1.0    7.290202   4761.0   -0.285   4.387   1.059   -0.5114       6.91    1.4565    0.8333   0.661    0.2474    0.2802    
  1.0    7.301672   4793.0   -0.275   4.389   1.057   -0.5114       6.917   1.4828    0.8389   0.6589   0.243     0.2786    
  1.0    7.3092     4815.0   -0.268   4.39    1.056   -0.5114       6.922   1.5003    0.8501   0.6663   0.2359    0.281     
  1.0    7.320283   4847.0   -0.258   4.391   1.055   -0.5114       6.929   1.5265    0.8554   0.6645   0.2314    0.2791    
  1.0    7.330917   4880.0   -0.247   4.392   1.054   -0.5129       6.937   1.552     0.8683   0.6726   0.2225    0.2808    
  1.0    7.341142   4914.0   -0.235   4.392   1.054   -0.5129       6.944   1.5769    0.8747   0.6732   0.2171    0.2794    
  1.0    7.350938   4950.0   -0.222   4.392   1.054   -0.5129       6.951   1.6011    0.8811   0.6744   0.2117    0.2781    
  1.0    7.360381   4987.0   -0.21    4.392   1.054   -0.5129       6.959   1.6248    0.8909   0.6813   0.2039    0.2787    
  1.0    7.369464   5021.0   -0.198   4.392   1.054   -0.5129       6.966   1.6478    0.8955   0.6808   0.1995    0.2766    
  1.0    7.381005   5066.0   -0.182   4.392   1.054   -0.5129       6.976   1.6774    0.9083   0.6923   0.1885    0.2773    
  1.0    7.389347   5100.0   -0.169   4.391   1.055   -0.5129       6.983   1.699     0.9121   0.6918   0.1844    0.275     
  1.0    7.399992   5147.0   -0.153   4.39    1.056   -0.5129       6.992   1.7266    0.9194   0.6961   0.1771    0.2732    
  1.0    7.410178   5194.0   -0.136   4.389   1.057   -0.5129       7.002   1.7531    0.9292   0.7067   0.1673    0.2728    
  1.0    7.419981   5240.0   -0.12    4.389   1.058   -0.5129       7.012   1.7791    0.935    0.7104   0.1606    0.2707    
  1.0    7.429384   5286.0   -0.104   4.388   1.059   -0.5129       7.022   1.8029    0.9405   0.7144   0.1541    0.2685    
  1.0    7.440675   5342.0   -0.085   4.387   1.059   -0.5129       7.034   1.8302    0.9477   0.7216   0.1452    0.2663    
  1.0    7.449414   5386.0   -0.071   4.388   1.059   -0.5129       7.045   1.8495    0.9527   0.7265   0.1387    0.2645    
  1.0    7.460508   5441.0   -0.054   4.388   1.058   -0.5129       7.06    1.8701    0.9578   0.7301   0.1314    0.2618    
  1.0    7.471086   5491.0   -0.04    4.39    1.056   -0.5129       7.075   1.8846    0.9624   0.7332   0.1245    0.2596    
  1.0    7.479686   5530.0   -0.031   4.393   1.052   -0.5129       7.087   1.8932    0.9665   0.7379   0.1183    0.2586    
  1.0    7.490703   5573.0   -0.024   4.4     1.045   -0.5129       7.099   1.8999    0.9701   0.7385   0.1122    0.2574    
  1.0    7.49938    5600.0   -0.023   4.407   1.036   -0.5129       7.108   1.9019    0.973    0.7395   0.1073    0.2576    
  1.0    7.510116   5625.0   -0.027   4.419   1.022   -0.5129       7.117   1.9013    0.9749   0.7335   0.1038    0.2581    
  1.0    7.52092    5640.0   -0.037   4.434   1.004   -0.5129       7.123   1.9008    0.9762   0.7249   0.1013    0.2596    
  1.0    7.529725   5646.0   -0.049   4.447   0.989   -0.5129       7.127   1.9013    0.9776   0.7196   0.09889   0.2618    
  1.0    7.541051   5645.0   -0.067   4.465   0.968   -0.5129       7.13    1.9019    0.9776   0.7055   0.09895   0.2642    
  1.0    7.55095    5639.0   -0.084   4.48    0.952   -0.5129       7.133   1.902     0.9776   0.695    0.09909   0.2668    
  1.0    7.561052   5628.0   -0.101   4.494   0.937   -0.5129       7.134   1.9011    0.9776   0.6864   0.0993    0.2695    
  1.0    7.575198   5609.0   -0.123   4.51    0.92    -0.5129       7.135   1.8992    0.9776   0.6777   0.09961   0.273     
  1.0    7.584215   5597.0   -0.134   4.517   0.912   -0.5129       7.135   1.8974    0.9762   0.668    0.1022    0.2741    
  1.0    7.594792   5584.0   -0.145   4.524   0.905   -0.5129       7.135   1.8953    0.9762   0.665    0.1024    0.276     
  1.0    7.607155   5570.0   -0.154   4.529   0.9     -0.5129       7.135   1.8933    0.9762   0.663    0.1026    0.2777    
  1.0    7.62154    5559.0   -0.162   4.533   0.896   -0.5129       7.134   1.8914    0.9749   0.6564   0.1051    0.2782    
  1.0    7.638196   5550.0   -0.167   4.535   0.894   -0.5129       7.133   1.8898    0.9749   0.6563   0.1053    0.2791    
  1.0    7.657374   5543.0   -0.169   4.535   0.894   -0.5129       7.132   1.8884    0.9749   0.6569   0.1054    0.2797    
  1.0    7.679323   5539.0   -0.17    4.535   0.894   -0.5129       7.132   1.8873    0.9739   0.6543   0.107     0.2793    
  1.0    7.704278   5536.0   -0.169   4.534   0.895   -0.5129       7.131   1.886     0.9739   0.6554   0.1071    0.2795    
  1.0    7.732444   5534.0   -0.169   4.533   0.896   -0.5129       7.13    1.8848    0.9739   0.6566   0.1071    0.2796    
  1.0    7.763997   5532.0   -0.169   4.532   0.897   -0.5129       7.13    1.8838    0.9739   0.6577   0.1071    0.2797    
  1.0    7.799064   5532.0   -0.168   4.53    0.899   -0.5129       7.129   1.8847    0.9739   0.6585   0.1071    0.2795    
  1.0    7.837718   5532.0   -0.167   4.53    0.9     -0.5129       7.129   1.885     0.9739   0.6592   0.1071    0.2794    
  1.0    7.879974   5532.0   -0.166   4.529   0.9     -0.5129       7.128   1.8853    0.9739   0.6598   0.1071    0.2793    
  1.0    7.925788   5533.0   -0.165   4.528   0.901   -0.5129       7.128   1.8862    0.9739   0.6603   0.1071    0.2792    
  1.0    7.975062   5536.0   -0.163   4.527   0.902   -0.5129       7.128   1.8893    0.9739   0.6604   0.1071    0.2787    
  1.0    8.027643   5541.0   -0.161   4.526   0.903   -0.5129       7.128   1.8924    0.9739   0.6604   0.107     0.2782    
  1.0    8.083341   5547.0   -0.158   4.525   0.904   -0.5129       7.129   1.8974    0.9739   0.6602   0.1069    0.2774    
  1.0    8.141932   5554.0   -0.155   4.524   0.905   -0.5129       7.129   1.903     0.9749   0.6636   0.1052    0.2773    
  1.0    8.20318    5561.0   -0.152   4.523   0.906   -0.5129       7.129   1.9084    0.9749   0.6633   0.1051    0.2765    
  1.0    8.266827   5565.0   -0.15    4.523   0.907   -0.5129       7.129   1.9121    0.9749   0.6631   0.105     0.276     
  1.0    8.332626   5567.0   -0.148   4.522   0.907   -0.5129       7.129   1.9148    0.9749   0.6632   0.105     0.2757    
  1.0    8.392312   5569.0   -0.147   4.521   0.908   -0.5129       7.129   1.9171    0.9749   0.6635   0.105     0.2754    
  1.0    8.444777   5570.0   -0.146   4.521   0.909   -0.5129       7.129   1.919     0.9749   0.6638   0.1049    0.2752    
  1.0    8.491582   5572.0   -0.145   4.52    0.909   -0.5129       7.13    1.9203    0.9749   0.6641   0.1049    0.275     
  1.0    8.533829   5572.0   -0.144   4.519   0.91    -0.5129       7.13    1.9216    0.9749   0.6645   0.1049    0.2748    
  1.0    8.572329   5573.0   -0.143   4.519   0.911   -0.5129       7.13    1.9227    0.9749   0.6649   0.1049    0.2747    
  1.0    8.607692   5574.0   -0.142   4.518   0.911   -0.5129       7.13    1.924     0.9749   0.6653   0.1049    0.2746    
  1.0    8.640391   5575.0   -0.141   4.517   0.912   -0.5129       7.131   1.9253    0.9749   0.6656   0.1049    0.2744    
  1.0    8.6708     5576.0   -0.14    4.517   0.913   -0.5129       7.131   1.9267    0.9749   0.666    0.1049    0.2742    
  1.0    8.699217   5576.0   -0.139   4.516   0.913   -0.5129       7.131   1.928     0.9749   0.6663   0.1048    0.2741    
  1.0    8.72589    5577.0   -0.139   4.516   0.914   -0.5129       7.131   1.9294    0.9749   0.6666   0.1048    0.2739    
  1.0    8.751019   5578.0   -0.138   4.515   0.915   -0.5129       7.132   1.9308    0.9762   0.6726   0.1025    0.2746    
  1.0    8.774772   5579.0   -0.137   4.514   0.915   -0.5129       7.132   1.9322    0.9762   0.6729   0.1025    0.2744    
  1.0    8.797294   5580.0   -0.136   4.514   0.916   -0.5129       7.132   1.9337    0.9762   0.6732   0.1025    0.2742    
  1.0    8.818705   5581.0   -0.135   4.513   0.917   -0.5129       7.133   1.9351    0.9762   0.6735   0.1024    0.2741    
  1.0    8.83911    5582.0   -0.134   4.513   0.917   -0.5129       7.133   1.9366    0.9762   0.6738   0.1024    0.2739    
  1.0    8.858599   5583.0   -0.133   4.512   0.918   -0.5143       7.133   1.938     0.9762   0.6741   0.1024    0.2737    
  1.0    8.87725    5584.0   -0.132   4.511   0.919   -0.5143       7.134   1.9395    0.9762   0.6744   0.1024    0.2736    
  1.0    8.895134   5585.0   -0.131   4.511   0.919   -0.5143       7.134   1.9409    0.9762   0.6747   0.1024    0.2734    
  1.0    8.91231    5586.0   -0.13    4.51    0.92    -0.5143       7.134   1.9424    0.9762   0.675    0.1024    0.2732    
  1.0    8.928833   5587.0   -0.13    4.51    0.92    -0.5143       7.135   1.9439    0.9762   0.6752   0.1023    0.273     
  1.0    8.94475    5588.0   -0.129   4.509   0.921   -0.5143       7.135   1.9454    0.9762   0.6755   0.1023    0.2729    
  1.0    8.960105   5589.0   -0.128   4.509   0.922   -0.5143       7.135   1.9469    0.9762   0.6758   0.1023    0.2727    
  1.0    8.974935   5590.0   -0.127   4.508   0.922   -0.5143       7.136   1.9483    0.9762   0.6761   0.1023    0.2726    
  1.0    8.989275   5591.0   -0.126   4.507   0.923   -0.5143       7.136   1.9498    0.9762   0.6764   0.1023    0.2724    
  1.0    9.003155   5592.0   -0.125   4.507   0.923   -0.5143       7.136   1.9513    0.9762   0.6767   0.1023    0.2722    
  1.0    9.016607   5593.0   -0.124   4.506   0.924   -0.5143       7.136   1.9528    0.9762   0.677    0.1023    0.272     
  1.0    9.029656   5594.0   -0.123   4.506   0.925   -0.5143       7.137   1.9543    0.9762   0.6772   0.1022    0.2718    
  1.0    9.042323   5595.0   -0.122   4.505   0.925   -0.5143       7.137   1.9558    0.9762   0.6775   0.1022    0.2717    
  1.0    9.054632   5597.0   -0.122   4.505   0.926   -0.5143       7.138   1.9574    0.9762   0.6777   0.1022    0.2715    
  1.0    9.066602   5598.0   -0.121   4.504   0.926   -0.5143       7.138   1.9589    0.9762   0.678    0.1022    0.2713    
  1.0    9.078247   5599.0   -0.12    4.503   0.927   -0.5143       7.138   1.9605    0.9762   0.6782   0.1022    0.2711    
  1.0    9.089591   5600.0   -0.119   4.503   0.928   -0.5143       7.139   1.962     0.9762   0.6785   0.1022    0.2709    
  1.0    9.100646   5601.0   -0.118   4.502   0.928   -0.5143       7.139   1.9636    0.9762   0.6788   0.1021    0.2707    
  1.0    9.111427   5602.0   -0.117   4.502   0.929   -0.5143       7.139   1.9651    0.9762   0.679    0.1021    0.2706    
  1.0    9.121947   5603.0   -0.116   4.501   0.93    -0.5143       7.14    1.9667    0.9762   0.6793   0.1021    0.2704    
  1.0    9.132215   5604.0   -0.115   4.5     0.93    -0.5143       7.14    1.9683    0.9762   0.6795   0.1021    0.2702    
  1.0    9.142249   5605.0   -0.114   4.5     0.931   -0.5143       7.141   1.9699    0.9762   0.6798   0.1021    0.27      
  1.0    9.152056   5606.0   -0.113   4.499   0.931   -0.5143       7.141   1.9715    0.9762   0.6801   0.1021    0.2698    
  1.0    9.161646   5607.0   -0.112   4.499   0.932   -0.5143       7.141   1.9731    0.9762   0.6804   0.102     0.2696    
  1.0    9.17103    5608.0   -0.111   4.498   0.933   -0.5143       7.142   1.9747    0.9762   0.6807   0.102     0.2695    
  1.0    9.180212   5609.0   -0.111   4.497   0.933   -0.5143       7.142   1.9763    0.9762   0.6809   0.102     0.2693    
  1.0    9.189207   5610.0   -0.11    4.497   0.934   -0.5143       7.142   1.9779    0.9762   0.6812   0.102     0.2691    
  1.0    9.198019   5612.0   -0.109   4.496   0.935   -0.5143       7.143   1.9795    0.9762   0.6815   0.102     0.2689    
  1.0    9.206656   5613.0   -0.108   4.496   0.935   -0.5143       7.143   1.9811    0.9762   0.6817   0.1019    0.2687    
  1.0    9.215124   5614.0   -0.107   4.495   0.936   -0.5143       7.144   1.9828    0.9762   0.682    0.1019    0.2685    
  1.0    9.223428   5615.0   -0.106   4.494   0.937   -0.5143       7.144   1.9844    0.9762   0.6823   0.1019    0.2683    
  1.0    9.231579   5616.0   -0.105   4.494   0.937   -0.5143       7.144   1.9861    0.9776   0.6887   0.09949   0.269     
  1.0    9.23958    5617.0   -0.104   4.493   0.938   -0.5143       7.145   1.9877    0.9776   0.689    0.09947   0.2688    
  1.0    9.247436   5618.0   -0.103   4.493   0.938   -0.5143       7.145   1.9894    0.9776   0.6892   0.09945   0.2686    
  1.0    9.255152   5619.0   -0.102   4.492   0.939   -0.5143       7.146   1.9911    0.9776   0.6895   0.09943   0.2684    
  1.0    9.262733   5621.0   -0.101   4.491   0.94    -0.5143       7.146   1.9927    0.9776   0.6898   0.09941   0.2682    
  1.0    9.270183   5621.0   -0.1     4.491   0.94    -0.5143       7.146   1.9944    0.9776   0.6901   0.0994    0.2681    
  1.0    9.277508   5623.0   -0.099   4.49    0.941   -0.5143       7.147   1.9961    0.9776   0.6904   0.09938   0.2679    
  1.0    9.284713   5624.0   -0.098   4.49    0.942   -0.5143       7.147   1.9978    0.9776   0.6907   0.09936   0.2677    
  1.0    9.291799   5625.0   -0.097   4.489   0.942   -0.5143       7.147   1.9995    0.9776   0.6909   0.09934   0.2675    
  1.0    9.298772   5626.0   -0.096   4.488   0.943   -0.5143       7.148   2.0012    0.9776   0.6912   0.09932   0.2673    
  1.0    9.305633   5627.0   -0.095   4.488   0.944   -0.5143       7.148   2.0029    0.9776   0.6915   0.09931   0.2671    
  1.0    9.312389   5628.0   -0.094   4.487   0.944   -0.5143       7.149   2.0046    0.9776   0.6918   0.09928   0.2669    
  1.0    9.319041   5629.0   -0.093   4.487   0.945   -0.5143       7.149   2.0064    0.9776   0.6921   0.09927   0.2667    
  1.0    9.325594   5630.0   -0.092   4.486   0.946   -0.5143       7.15    2.0081    0.9776   0.6924   0.09925   0.2665    
  1.0    9.332048   5631.0   -0.091   4.485   0.947   -0.5143       7.15    2.0098    0.9776   0.6926   0.09923   0.2663    
  1.0    9.338407   5633.0   -0.09    4.485   0.947   -0.5143       7.15    2.0116    0.9776   0.6929   0.09921   0.2661    
  1.0    9.344675   5634.0   -0.089   4.484   0.948   -0.5143       7.151   2.0133    0.9776   0.6932   0.09919   0.2659    
  1.0    9.350854   5635.0   -0.089   4.483   0.949   -0.5143       7.151   2.0151    0.9776   0.6935   0.09917   0.2657    
  1.0    9.356947   5636.0   -0.088   4.483   0.949   -0.5143       7.152   2.0169    0.9776   0.6938   0.09915   0.2655    
  1.0    9.362955   5637.0   -0.087   4.482   0.95    -0.5143       7.152   2.0187    0.9776   0.6941   0.09913   0.2653    
  1.0    9.36888    5638.0   -0.086   4.481   0.951   -0.5143       7.152   2.0205    0.9776   0.6944   0.09911   0.2651    
  1.0    9.374726   5639.0   -0.085   4.481   0.951   -0.5143       7.153   2.0223    0.9776   0.6947   0.09909   0.2649    
  1.0    9.380495   5640.0   -0.084   4.48    0.952   -0.5143       7.153   2.0241    0.9776   0.695    0.09907   0.2647    
  1.0    9.386189   5641.0   -0.083   4.479   0.953   -0.5143       7.154   2.0259    0.9776   0.6953   0.09906   0.2645    
  1.0    9.391808   5642.0   -0.082   4.479   0.954   -0.5143       7.154   2.0277    0.9776   0.6956   0.09903   0.2643    
  1.0    9.397354   5644.0   -0.081   4.478   0.954   -0.5143       7.155   2.0295    0.9776   0.6959   0.09902   0.2641    
  1.0    9.402832   5645.0   -0.08    4.477   0.955   -0.5143       7.155   2.0313    0.9776   0.6962   0.09899   0.2639    
  1.0    9.408242   5646.0   -0.079   4.477   0.956   -0.5143       7.155   2.0331    0.9776   0.6965   0.09897   0.2637    
  1.0    9.413585   5647.0   -0.078   4.476   0.957   -0.5143       7.156   2.035     0.9788   0.7028   0.09676   0.2643    
  1.0    9.418863   5648.0   -0.077   4.476   0.957   -0.5143       7.156   2.0369    0.9788   0.7031   0.09674   0.2641    
  1.0    9.424078   5649.0   -0.076   4.475   0.958   -0.5143       7.157   2.0387    0.9788   0.7034   0.09672   0.2639    
  1.0    9.429229   5650.0   -0.075   4.474   0.959   -0.5143       7.157   2.0406    0.9788   0.7037   0.0967    0.2637    
  1.0    9.434321   5651.0   -0.074   4.473   0.959   -0.5143       7.158   2.0425    0.9788   0.704    0.09668   0.2635    
  1.0    9.439355   5652.0   -0.073   4.473   0.96    -0.5143       7.158   2.0444    0.9788   0.7044   0.09666   0.2632    
  1.0    9.444331   5654.0   -0.072   4.472   0.961   -0.5143       7.158   2.0463    0.9788   0.7047   0.09664   0.2631    
  1.0    9.44925    5655.0   -0.07    4.471   0.962   -0.5143       7.159   2.0482    0.9788   0.705    0.09662   0.2628    
  1.0    9.454113   5656.0   -0.069   4.471   0.962   -0.5143       7.159   2.0501    0.9788   0.7053   0.0966    0.2626    
  1.0    9.458923   5657.0   -0.068   4.47    0.963   -0.5143       7.16    2.052     0.9788   0.7056   0.09658   0.2624    
  1.0    9.463681   5658.0   -0.067   4.469   0.964   -0.5143       7.16    2.0539    0.9788   0.706    0.09656   0.2622    
  1.0    9.468387   5659.0   -0.066   4.469   0.965   -0.5143       7.161   2.0558    0.9788   0.7063   0.09654   0.262     
  1.0    9.473043   5660.0   -0.065   4.468   0.966   -0.5143       7.161   2.0578    0.9788   0.7066   0.09652   0.2618    
  1.0    9.477648   5661.0   -0.064   4.467   0.966   -0.5143       7.162   2.0597    0.9788   0.707    0.0965    0.2616    
  1.0    9.482206   5663.0   -0.063   4.467   0.967   -0.5143       7.162   2.0617    0.9788   0.7073   0.09648   0.2613    
  1.0    9.486717   5664.0   -0.062   4.466   0.968   -0.5143       7.162   2.0637    0.9788   0.7076   0.09646   0.2611    
  1.0    9.491181   5665.0   -0.061   4.465   0.969   -0.5143       7.163   2.0657    0.9788   0.708    0.09644   0.2609    
  1.0    9.4956     5666.0   -0.06    4.464   0.97    -0.5143       7.163   2.0677    0.9788   0.7083   0.09642   0.2607    
  1.0    9.499973   5667.0   -0.059   4.464   0.97    -0.5143       7.164   2.0697    0.9788   0.7087   0.0964    0.2605    
  1.0    9.504304   5668.0   -0.058   4.463   0.971   -0.5143       7.164   2.0717    0.9788   0.709    0.09638   0.2603    
  1.0    9.508592   5669.0   -0.057   4.462   0.972   -0.5143       7.165   2.0737    0.9788   0.7094   0.09636   0.26      
  1.0    9.512838   5670.0   -0.056   4.462   0.973   -0.5143       7.165   2.0757    0.9788   0.7097   0.09634   0.2598    
  1.0    9.517043   5671.0   -0.055   4.461   0.974   -0.5143       7.166   2.0778    0.9788   0.71     0.09632   0.2596    
  1.0    9.521207   5673.0   -0.054   4.46    0.974   -0.5143       7.166   2.0798    0.9798   0.7158   0.09439   0.2601    
  1.0    9.525331   5674.0   -0.053   4.459   0.975   -0.5143       7.167   2.0819    0.9798   0.7161   0.09437   0.2599    
  1.0    9.529418   5675.0   -0.051   4.459   0.976   -0.5143       7.167   2.0839    0.9798   0.7165   0.09435   0.2596    
  1.0    9.533466   5676.0   -0.05    4.458   0.977   -0.5143       7.168   2.086     0.9798   0.7168   0.09433   0.2594    
  1.0    9.537477   5677.0   -0.049   4.457   0.978   -0.5143       7.168   2.0882    0.9798   0.7172   0.09431   0.2592    
  1.0    9.541451   5678.0   -0.048   4.456   0.979   -0.5143       7.169   2.0903    0.9798   0.7176   0.09429   0.259     
  1.0    9.545388   5679.0   -0.047   4.456   0.979   -0.5143       7.169   2.0924    0.9798   0.718    0.09427   0.2587    
  1.0    9.54929    5680.0   -0.046   4.455   0.98    -0.5143       7.17    2.0945    0.9798   0.7184   0.09425   0.2585    
  1.0    9.553158   5681.0   -0.045   4.454   0.981   -0.5143       7.17    2.0966    0.9798   0.7187   0.09423   0.2583    
  1.0    9.556992   5683.0   -0.044   4.453   0.982   -0.5143       7.171   2.0988    0.9798   0.7191   0.0942    0.2581    
  1.0    9.560792   5684.0   -0.043   4.452   0.983   -0.5143       7.171   2.1009    0.9798   0.7195   0.09418   0.2578    
  1.0    9.564558   5685.0   -0.042   4.452   0.984   -0.5143       7.172   2.1031    0.9798   0.7198   0.09416   0.2576    
  1.0    9.568293   5686.0   -0.04    4.451   0.985   -0.5143       7.172   2.1053    0.9798   0.7202   0.09414   0.2574    
  1.0    9.571996   5687.0   -0.039   4.45    0.986   -0.5143       7.173   2.1074    0.9798   0.7206   0.09412   0.2571    
  1.0    9.575668   5688.0   -0.038   4.449   0.987   -0.5143       7.173   2.1096    0.9798   0.721    0.09409   0.2569    
  1.0    9.579309   5689.0   -0.037   4.449   0.987   -0.5143       7.174   2.1119    0.9798   0.7214   0.09408   0.2567    
  1.0    9.582919   5690.0   -0.036   4.448   0.988   -0.5143       7.174   2.1141    0.9798   0.7218   0.09405   0.2564    
  1.0    9.5865     5691.0   -0.035   4.447   0.989   -0.5143       7.175   2.1164    0.9798   0.7222   0.09403   0.2562    
  1.0    9.590051   5692.0   -0.034   4.446   0.99    -0.5143       7.175   2.1186    0.9798   0.7226   0.09401   0.256     
  1.0    9.593574   5694.0   -0.032   4.445   0.991   -0.5143       7.176   2.1209    0.9798   0.723    0.09399   0.2557    
  1.0    9.597069   5695.0   -0.031   4.445   0.992   -0.5143       7.176   2.1231    0.9798   0.7234   0.09397   0.2555    
  1.0    9.600535   5696.0   -0.03    4.444   0.993   -0.5143       7.177   2.1254    0.9808   0.7296   0.09199   0.256     
  1.0    9.603973   5697.0   -0.029   4.443   0.994   -0.5143       7.177   2.1277    0.9808   0.73     0.09197   0.2557    
  1.0    9.607385   5698.0   -0.028   4.442   0.995   -0.5143       7.178   2.13      0.9808   0.7304   0.09194   0.2555    
  1.0    9.610771   5699.0   -0.027   4.441   0.996   -0.5143       7.178   2.1323    0.9808   0.7308   0.09192   0.2552    
  1.0    9.61413    5700.0   -0.025   4.44    0.997   -0.5143       7.179   2.1347    0.9808   0.7312   0.0919    0.255     
  1.0    9.617464   5701.0   -0.024   4.44    0.998   -0.5143       7.179   2.1371    0.9808   0.7317   0.09188   0.2548    
  1.0    9.620771   5702.0   -0.023   4.439   0.999   -0.5143       7.18    2.1395    0.9808   0.7321   0.09186   0.2545    
  1.0    9.624054   5703.0   -0.022   4.438   1.0     -0.5143       7.18    2.1419    0.9808   0.7325   0.09184   0.2543    
  1.0    9.627313   5705.0   -0.021   4.437   1.001   -0.5143       7.181   2.1443    0.9808   0.733    0.09181   0.254     
  1.0    9.630547   5706.0   -0.02    4.436   1.002   -0.5143       7.181   2.1467    0.9808   0.7334   0.09179   0.2538    
  1.0    9.633757   5707.0   -0.018   4.435   1.003   -0.5143       7.182   2.1491    0.9808   0.7339   0.09177   0.2535    
  1.0    9.636943   5708.0   -0.017   4.434   1.004   -0.5143       7.183   2.1515    0.9808   0.7343   0.09175   0.2533    
  1.0    9.640107   5709.0   -0.016   4.434   1.005   -0.5143       7.183   2.154     0.9808   0.7347   0.09172   0.253     
  1.0    9.643247   5710.0   -0.015   4.433   1.006   -0.5143       7.184   2.1564    0.9808   0.7352   0.0917    0.2528    
  1.0    9.646365   5711.0   -0.014   4.432   1.007   -0.5143       7.184   2.1589    0.9808   0.7356   0.09168   0.2525    
  1.0    9.649461   5712.0   -0.012   4.431   1.008   -0.5143       7.185   2.1615    0.9808   0.7361   0.09166   0.2523    
  1.0    9.652534   5713.0   -0.011   4.43    1.009   -0.5143       7.185   2.164     0.9808   0.7366   0.09163   0.252     
  1.0    9.655587   5714.0   -0.01    4.429   1.01    -0.5143       7.186   2.1665    0.9817   0.7421   0.08997   0.2524    
  1.0    9.658618   5715.0   -0.009   4.428   1.011   -0.5143       7.186   2.1691    0.9817   0.7425   0.08995   0.2521    
  1.0    9.661628   5717.0   -0.007   4.427   1.012   -0.5143       7.187   2.1717    0.9817   0.743    0.08993   0.2519    
  1.0    9.664618   5718.0   -0.006   4.426   1.013   -0.5143       7.188   2.1742    0.9817   0.7435   0.0899    0.2516    
  1.0    9.667586   5719.0   -0.005   4.425   1.014   -0.5143       7.188   2.1768    0.9817   0.7439   0.08988   0.2514    
  1.0    9.670534   5720.0   -0.004   4.424   1.015   -0.5143       7.189   2.1794    0.9817   0.7444   0.08986   0.2511    
  1.0    9.673463   5721.0   -0.002   4.424   1.016   -0.5143       7.189   2.1821    0.9817   0.7449   0.08983   0.2508    
  1.0    9.676373   5722.0   -0.001   4.423   1.017   -0.5143       7.19    2.1847    0.9817   0.7454   0.08981   0.2506    
  1.0    9.679263   5723.0   0.0      4.422   1.018   -0.5143       7.19    2.1875    0.9817   0.7459   0.08979   0.2503    
  1.0    9.682133   5724.0   0.001    4.421   1.02    -0.5143       7.191   2.1902    0.9817   0.7464   0.08976   0.25      
  1.0    9.684984   5725.0   0.003    4.42    1.021   -0.5143       7.191   2.1929    0.9817   0.7469   0.08974   0.2498    
  1.0    9.687818   5726.0   0.004    4.419   1.022   -0.5143       7.192   2.1956    0.9817   0.7474   0.08972   0.2495    
  1.0    9.690633   5727.0   0.005    4.418   1.023   -0.5143       7.193   2.1984    0.9817   0.748    0.08969   0.2493    
  1.0    9.69343    5728.0   0.007    4.417   1.024   -0.5143       7.193   2.2011    0.9817   0.7485   0.08967   0.249     
  1.0    9.696209   5730.0   0.008    4.416   1.025   -0.5143       7.194   2.2039    0.9817   0.749    0.08965   0.2487    
  1.0    9.698969   5731.0   0.009    4.415   1.026   -0.5143       7.194   2.2067    0.9817   0.7495   0.08962   0.2484    
  1.0    9.701713   5732.0   0.011    4.414   1.028   -0.5143       7.195   2.2095    0.9825   0.7554   0.08792   0.2488    
  1.0    9.70444    5733.0   0.012    4.413   1.029   -0.5143       7.196   2.2124    0.9825   0.7559   0.0879    0.2485    
  1.0    9.707149   5734.0   0.013    4.412   1.03    -0.5143       7.196   2.2153    0.9825   0.7565   0.08787   0.2482    
  1.0    9.709842   5735.0   0.015    4.411   1.031   -0.5143       7.197   2.2182    0.9825   0.757    0.08785   0.248     
  1.0    9.712518   5736.0   0.016    4.41    1.032   -0.5143       7.197   2.2212    0.9825   0.7576   0.08783   0.2477    
  1.0    9.715177   5737.0   0.017    4.409   1.034   -0.5143       7.198   2.2241    0.9825   0.7581   0.0878    0.2474    
  1.0    9.717821   5738.0   0.019    4.408   1.035   -0.5143       7.199   2.2271    0.9825   0.7587   0.08778   0.2471    
  1.0    9.720449   5739.0   0.02     4.407   1.036   -0.5143       7.199   2.23      0.9825   0.7593   0.08775   0.2468    
  1.0    9.723061   5740.0   0.021    4.406   1.037   -0.5143       7.2     2.233     0.9825   0.7598   0.08773   0.2466    
  1.0    9.725656   5741.0   0.023    4.405   1.039   -0.5143       7.2     2.2361    0.9825   0.7604   0.0877    0.2463    
  1.0    9.728237   5742.0   0.024    4.404   1.04    -0.5143       7.201   2.2391    0.9825   0.761    0.08768   0.246     
  1.0    9.730802   5743.0   0.026    4.402   1.041   -0.5143       7.202   2.2423    0.9825   0.7616   0.08765   0.2457    
  1.0    9.733353   5744.0   0.027    4.401   1.043   -0.5143       7.202   2.2454    0.9825   0.7622   0.08763   0.2454    
  1.0    9.735889   5745.0   0.028    4.4     1.044   -0.5143       7.203   2.2486    0.9825   0.7628   0.0876    0.2451    
  1.0    9.73841    5746.0   0.03     4.399   1.045   -0.5143       7.204   2.2517    0.9825   0.7634   0.08758   0.2449    
  1.0    9.740915   5748.0   0.031    4.398   1.047   -0.5143       7.204   2.2549    0.9825   0.764    0.08755   0.2446    
  1.0    9.743407   5749.0   0.033    4.397   1.048   -0.5143       7.205   2.2581    0.9833   0.7703   0.08581   0.2449    
  1.0    9.745885   5750.0   0.034    4.396   1.049   -0.5143       7.205   2.2614    0.9833   0.771    0.08579   0.2446    
  1.0    9.748349   5751.0   0.036    4.395   1.051   -0.5143       7.206   2.2646    0.9833   0.7716   0.08576   0.2443    
  1.0    9.750798   5752.0   0.037    4.394   1.052   -0.5143       7.207   2.2679    0.9833   0.7722   0.08574   0.244     
  1.0    9.753234   5753.0   0.038    4.392   1.053   -0.5143       7.207   2.2713    0.9833   0.7729   0.08571   0.2437    
  1.0    9.755656   5754.0   0.04     4.391   1.055   -0.5143       7.208   2.2746    0.9833   0.7735   0.08568   0.2434    
  1.0    9.758065   5755.0   0.041    4.39    1.056   -0.5143       7.209   2.278     0.9833   0.7742   0.08566   0.2431    
  1.0    9.760461   5756.0   0.043    4.389   1.058   -0.5143       7.209   2.2814    0.9833   0.7749   0.08563   0.2428    
  1.0    9.762844   5757.0   0.044    4.388   1.059   -0.5143       7.21    2.2848    0.9833   0.7755   0.08561   0.2425    
  1.0    9.765212   5758.0   0.046    4.387   1.06    -0.5143       7.211   2.2883    0.9833   0.7762   0.08558   0.2422    
  1.0    9.767569   5759.0   0.047    4.385   1.062   -0.5143       7.211   2.2917    0.9833   0.7769   0.08556   0.2419    
  1.0    9.769913   5760.0   0.049    4.384   1.063   -0.5143       7.212   2.2951    0.9833   0.7776   0.08553   0.2416    
  1.0    9.772245   5761.0   0.05     4.383   1.065   -0.5143       7.213   2.2986    0.9833   0.7783   0.0855    0.2413    
  1.0    9.774564   5762.0   0.052    4.382   1.066   -0.5143       7.214   2.3021    0.9833   0.779    0.08548   0.241     
  1.0    9.77687    5763.0   0.053    4.38    1.068   -0.5143       7.214   2.3056    0.9833   0.7797   0.08545   0.2407    
  1.0    9.779164   5764.0   0.055    4.379   1.069   -0.5143       7.215   2.3091    0.9833   0.7805   0.08543   0.2403    
  1.0    9.781447   5765.0   0.056    4.378   1.071   -0.5143       7.216   2.3126    0.9842   0.7879   0.08349   0.2407    
  1.0    9.783717   5766.0   0.058    4.377   1.073   -0.5143       7.217   2.3161    0.9842   0.7886   0.08347   0.2404    
  1.0    9.785976   5766.0   0.059    4.375   1.074   -0.5143       7.218   2.3196    0.9842   0.7893   0.08344   0.2401    
  1.0    9.788222   5767.0   0.061    4.374   1.076   -0.5143       7.218   2.3231    0.9842   0.7901   0.08342   0.2398    
  1.0    9.790458   5768.0   0.063    4.373   1.077   -0.5143       7.219   2.3266    0.9842   0.7908   0.08339   0.2395    
  1.0    9.792682   5769.0   0.064    4.372   1.079   -0.5143       7.22    2.3302    0.9842   0.7917   0.08337   0.2392    
  1.0    9.794894   5770.0   0.066    4.37    1.08    -0.5143       7.221   2.3338    0.9842   0.7925   0.08334   0.2389    
  1.0    9.797096   5771.0   0.067    4.369   1.082   -0.5143       7.222   2.3373    0.9842   0.7933   0.08332   0.2386    
  1.0    9.799286   5772.0   0.069    4.368   1.084   -0.5143       7.223   2.3409    0.9842   0.7941   0.08329   0.2383    
  1.0    9.801465   5772.0   0.07     4.367   1.085   -0.5143       7.224   2.3444    0.9842   0.7949   0.08327   0.238     
  1.0    9.803633   5773.0   0.072    4.365   1.087   -0.5143       7.225   2.3479    0.9842   0.7957   0.08325   0.2377    
  1.0    9.805791   5774.0   0.073    4.364   1.088   -0.5143       7.226   2.3514    0.9842   0.7965   0.08322   0.2374    
  1.0    9.807938   5775.0   0.075    4.363   1.09    -0.5143       7.227   2.3549    0.9842   0.7974   0.0832    0.2371    
  1.0    9.810075   5775.0   0.076    4.361   1.092   -0.5143       7.228   2.3584    0.9842   0.7983   0.08318   0.2368    
  1.0    9.8122     5776.0   0.078    4.36    1.093   -0.5143       7.229   2.3618    0.9842   0.7992   0.08316   0.2365    
  1.0    9.814316   5777.0   0.079    4.359   1.095   -0.5143       7.23    2.3653    0.9842   0.8001   0.08314   0.2362    
  1.0    9.816421   5777.0   0.081    4.357   1.097   -0.5143       7.231   2.3688    0.9842   0.801    0.08311   0.2359    
  1.0    9.818516   5778.0   0.082    4.356   1.098   -0.5143       7.232   2.3723    0.9842   0.8019   0.08309   0.2356    
  1.0    9.820601   5778.0   0.084    4.355   1.1     -0.5143       7.233   2.3757    0.9842   0.8028   0.08307   0.2354    
  1.0    9.822676   5779.0   0.085    4.353   1.102   -0.5143       7.234   2.3792    0.9842   0.8037   0.08306   0.2351    
  1.0    9.824741   5779.0   0.087    4.352   1.104   -0.5143       7.235   2.3829    0.9851   0.8119   0.08107   0.2355    
  1.0    9.830879   5780.0   0.091    4.348   1.109   -0.5143       7.238   2.3942    0.9851   0.8149   0.08102   0.2346    
  1.0    9.840919   5782.0   0.099    4.341   1.118   -0.5143       7.242   2.4136    0.9851   0.8201   0.08093   0.2333    
  1.0    9.850733   5784.0   0.107    4.333   1.127   -0.5143       7.248   2.4336    0.9851   0.8257   0.08084   0.2319    
  1.0    9.860329   5784.0   0.114    4.326   1.137   -0.5143       7.254   2.4529    0.9851   0.8316   0.08077   0.2306    
  1.0    9.869718   5784.0   0.122    4.319   1.147   -0.5143       7.262   2.4709    0.9851   0.8377   0.08072   0.2294    
  1.0    9.880723   5781.0   0.129    4.31    1.158   -0.5143       7.274   2.4902    0.9851   0.8457   0.0807    0.2283    
  1.0    9.889686   5777.0   0.135    4.303   1.168   -0.5143       7.283   2.5078    0.9851   0.8529   0.08071   0.2276    
  1.0    9.900203   5773.0   0.144    4.293   1.181   -0.5143       7.287   2.5417    0.9842   0.855    0.08265   0.2258    
  1.0    9.91047    5770.0   0.155    4.281   1.197   -0.5143       7.286   2.5824    0.9842   0.8657   0.0826    0.2242    
  1.0    9.920501   5767.0   0.166    4.269   1.214   -0.5143       7.284   2.6208    0.9842   0.8772   0.08255   0.2225    
