# Mass   time       Teff     L/Ls     g       R/Rs    Log(Li/Li0)   logTc   logROc    Mrad     Rrad      k2conv   k2rad     
  0.9    5.69271    4315.0   0.436    3.449   2.96    0.0           6.377   -0.5246   0.0      0.0       0.4477   0.0       
  0.9    5.699402   4315.0   0.432    3.454   2.944   0.0           6.379   -0.5176   0.0      0.0       0.4477   0.0       
  0.9    5.712818   4314.0   0.422    3.464   2.912   0.0           6.384   -0.5035   0.0      0.0       0.4478   0.0       
  0.9    5.719543   4314.0   0.417    3.468   2.896   0.0           6.386   -0.4965   0.0      0.0       0.4479   0.0       
  0.9    5.733023   4313.0   0.407    3.478   2.864   0.0           6.391   -0.4825   0.0      0.0       0.448    0.0       
  0.9    5.739781   4313.0   0.402    3.483   2.848   0.0           6.393   -0.4754   0.0      0.0       0.448    0.0       
  0.9    5.753321   4312.0   0.392    3.492   2.817   0.0           6.398   -0.4614   0.0      0.0       0.4481   0.0       
  0.9    5.760107   4311.0   0.387    3.497   2.801   0.0           6.4     -0.4543   0.0      0.0       0.4482   0.0       
  0.9    5.773706   4310.0   0.377    3.507   2.771   0.0           6.405   -0.4403   0.0      0.0       0.4483   0.0       
  0.9    5.78052    4310.0   0.372    3.511   2.755   0.0           6.407   -0.4333   0.0      0.0       0.4483   0.0       
  0.9    5.794175   4309.0   0.362    3.521   2.725   0.0           6.412   -0.4192   0.0      0.0       0.4484   0.0       
  0.9    5.801016   4308.0   0.357    3.526   2.71    0.0           6.414   -0.4122   0.0      0.0       0.4485   0.0       
  0.9    5.814723   4307.0   0.347    3.535   2.68    0.0           6.419   -0.3981   0.0      0.0       0.4486   0.0       
  0.9    5.82159    4306.0   0.342    3.54    2.666   0.0           6.421   -0.3911   0.0      0.0       0.4486   0.0       
  0.9    5.835347   4305.0   0.332    3.55    2.636   0.0           6.426   -0.3771   0.0      0.0       0.4487   0.0       
  0.9    5.842238   4305.0   0.327    3.555   2.622   0.0           6.428   -0.37     0.0      0.0       0.4487   0.0       
  0.9    5.849136   4304.0   0.322    3.559   2.608   0.0           6.43    -0.363    0.0      0.0       0.4488   0.0       
  0.9    5.862956   4303.0   0.312    3.569   2.579   0.0           6.435   -0.349    0.0      0.0       0.4489   0.0       
  0.9    5.869878   4302.0   0.307    3.574   2.565   0.0           6.437   -0.3419   0.0      0.0       0.4489   0.0       
  0.9    5.883745   4301.0   0.297    3.583   2.537   0.0           6.442   -0.3279   0.0      0.0       0.449    0.0       
  0.9    5.890689   4300.0   0.291    3.588   2.523   0.0           6.444   -0.3208   0.0      0.0       0.4491   0.0       
  0.9    5.904601   4299.0   0.281    3.598   2.495   0.0           6.449   -0.3067   0.0      0.0       0.4492   0.0       
  0.9    5.911568   4298.0   0.276    3.602   2.481   0.0           6.451   -0.2997   0.0      0.0       0.4492   0.0       
  0.9    5.925524   4297.0   0.266    3.612   2.454   0.0           6.456   -0.2856   0.0      0.0       0.4493   0.0       
  0.9    5.932512   4296.0   0.261    3.617   2.441   0.0           6.458   -0.2786   0.0      0.0       0.4494   0.0       
  0.9    5.939508   4296.0   0.256    3.622   2.427   0.0           6.46    -0.2715   0.0      0.0       0.4494   0.0       
  0.9    5.953523   4294.0   0.246    3.631   2.4     0.0           6.465   -0.2574   0.0      0.0       0.4495   0.0       
  0.9    5.960541   4294.0   0.241    3.636   2.387   0.0           6.467   -0.2504   0.0      0.0       0.4495   0.0       
  0.9    5.974601   4292.0   0.231    3.646   2.361   0.0           6.472   -0.2362   0.0      0.0       0.4496   0.0       
  0.9    5.981641   4292.0   0.226    3.65    2.348   0.0           6.474   -0.2292   0.0      0.0       0.4497   0.0       
  0.9    5.995745   4290.0   0.216    3.66    2.322   0.0           6.479   -0.215    0.0      0.0       0.4498   0.0       
  0.9    6.002805   4290.0   0.211    3.665   2.31    0.0           6.481   -0.2079   0.0      0.0       0.4498   0.0       
  0.9    6.009876   4289.0   0.205    3.67    2.297   0.0           6.484   -0.2009   0.0      0.0       0.4498   0.0       
  0.9    6.024034   4288.0   0.195    3.679   2.272   0.0           6.488   -0.1867   0.0      0.0       0.4499   0.0       
  0.9    6.031122   4287.0   0.19     3.684   2.259   0.0           6.491   -0.1796   0.0      0.0       0.45     0.0       
  0.9    6.045319   4286.0   0.18     3.693   2.234   0.0           6.495   -0.1655   0.0      0.0       0.45     0.0       
  0.9    6.052425   4285.0   0.175    3.698   2.222   0.0           6.498   -0.1584   0.0      0.0       0.4501   0.0       
  0.9    6.059541   4284.0   0.17     3.703   2.21    0.0           6.5     -0.1513   0.0      0.0       0.4501   0.0       
  0.9    6.073784   4283.0   0.16     3.713   2.186   0.0           6.505   -0.1372   0.0      0.0       0.4502   0.0       
  0.9    6.080915   4282.0   0.155    3.717   2.174   0.0           6.507   -0.1301   0.0      0.0       0.4502   0.0       
  0.9    6.095194   4281.0   0.145    3.727   2.15    0.0           6.512   -0.1159   0.0      0.0       0.4503   0.0       
  0.9    6.102341   4280.0   0.14     3.732   2.138   0.0           6.514   -0.1088   0.0      0.0       0.4503   0.0       
  0.9    6.109491   4279.0   0.135    3.737   2.126   0.0           6.516   -0.1018   0.0      0.0       0.4503   0.0       
  0.9    6.123809   4278.0   0.124    3.746   2.103   -4.0E-4       6.521   -0.0876   0.0      0.0       0.4504   0.0       
  0.9    6.130973   4277.0   0.119    3.751   2.092   -4.0E-4       6.523   -0.0805   0.0      0.0       0.4505   0.0       
  0.9    6.145318   4276.0   0.109    3.76    2.069   -4.0E-4       6.528   -0.0664   0.0      0.0       0.4505   0.0       
  0.9    6.152493   4275.0   0.104    3.765   2.057   -4.0E-4       6.53    -0.0593   0.0      0.0       0.4506   0.0       
  0.9    6.159672   4274.0   0.099    3.77    2.046   -4.0E-4       6.533   -0.0522   0.0      0.0       0.4506   0.0       
  0.9    6.174042   4273.0   0.089    3.78    2.024   -4.0E-4       6.537   -0.0381   0.0      0.0       0.4506   0.0       
  0.9    6.181232   4272.0   0.084    3.784   2.012   -4.0E-4       6.54    -0.031    0.0      0.0       0.4507   0.0       
  0.9    6.195615   4271.0   0.074    3.794   1.99    -9.0E-4       6.545   -0.0169   0.0      0.0       0.4507   0.0       
  0.9    6.20281    4270.0   0.069    3.799   1.98    -9.0E-4       6.547   -0.0098   0.0      0.0       0.4508   0.0       
  0.9    6.210008   4269.0   0.064    3.803   1.969   -0.0013       6.549   -0.0028   0.0      0.0       0.4508   0.0       
  0.9    6.224406   4268.0   0.053    3.813   1.947   -0.0013       6.554   0.0113    0.0      0.0       0.4509   0.0       
  0.9    6.231605   4267.0   0.048    3.818   1.937   -0.0017       6.556   0.0184    0.0      0.0       0.4509   0.0       
  0.9    6.246008   4265.0   0.038    3.827   1.915   -0.0022       6.561   0.0325    0.0      0.0       0.451    0.0       
  0.9    6.253212   4265.0   0.033    3.832   1.905   -0.0026       6.563   0.0395    0.0      0.0       0.451    0.0       
  0.9    6.260415   4264.0   0.028    3.837   1.894   -0.0026       6.566   0.0465    0.0      0.0       0.451    0.0       
  0.9    6.274818   4262.0   0.018    3.846   1.874   -0.0035       6.57    0.0606    0.0      0.0       0.4511   0.0       
  0.9    6.282019   4261.0   0.013    3.851   1.864   -0.0039       6.573   0.0676    0.0      0.0       0.4511   0.0       
  0.9    6.289221   4260.0   0.007    3.856   1.853   -0.0048       6.575   0.0746    0.0      0.0       0.4512   0.0       
  0.9    6.303619   4259.0   -0.003   3.865   1.833   -0.0061       6.58    0.0886    0.0      0.0       0.4512   0.0       
  0.9    6.310819   4258.0   -0.008   3.87    1.823   -0.007        6.582   0.0956    0.0      0.0       0.4513   0.0       
  0.9    6.325214   4256.0   -0.018   3.88    1.803   -0.0088       6.587   0.1096    8.0E-4   0.09396   0.4513   9.367E-4  
  0.9    6.332412   4255.0   -0.023   3.884   1.794   -0.0101       6.589   0.1166    0.0019   0.1265    0.4514   0.002013  
  0.9    6.339608   4254.0   -0.028   3.889   1.784   -0.011        6.591   0.1236    0.0026   0.1398    0.4514   0.002623  
  0.9    6.353966   4252.0   -0.039   3.898   1.765   -0.0137       6.596   0.1377    0.006    0.1845    0.4515   0.005354  
  0.9    6.360961   4251.0   -0.044   3.903   1.755   -0.0155       6.598   0.1446    0.0074   0.1968    0.4515   0.006374  
  0.9    6.374369   4249.0   -0.053   3.912   1.738   -0.0182       6.602   0.1579    0.0129   0.2354    0.4515   0.01017   
  0.9    6.381039   4248.0   -0.058   3.916   1.729   -0.02         6.604   0.1645    0.0129   0.2342    0.4515   0.01017   
  0.9    6.393596   4246.0   -0.067   3.925   1.713   -0.0237       6.607   0.177     0.0183   0.2619    0.4515   0.0137    
  0.9    6.399527   4245.0   -0.071   3.928   1.705   -0.025        6.609   0.1829    0.021    0.2734    0.4515   0.01539   
  0.9    6.41133    4243.0   -0.08    3.936   1.69    -0.0287       6.613   0.1947    0.024    0.2838    0.4515   0.01722   
  0.9    6.422035   4242.0   -0.087   3.943   1.676   -0.0325       6.616   0.2055    0.027    0.2933    0.4514   0.01903   
  0.9    6.432156   4240.0   -0.095   3.95    1.664   -0.0367       6.619   0.2158    0.033    0.3122    0.4513   0.02254   
  0.9    6.442215   4238.0   -0.102   3.956   1.651   -0.0405       6.622   0.226     0.033    0.3098    0.4514   0.02254   
  0.9    6.451486   4237.0   -0.109   3.962   1.64    -0.0448       6.624   0.2354    0.039    0.3262    0.4512   0.02596   
  0.9    6.460226   4235.0   -0.115   3.968   1.629   -0.0487       6.627   0.2443    0.0457   0.3425    0.451    0.02965   
  0.9    6.472932   4233.0   -0.124   3.976   1.614   -0.0545       6.63    0.2574    0.0523   0.356     0.4508   0.03327   
  0.9    6.480925   4232.0   -0.13    3.981   1.604   -0.059        6.632   0.2656    0.0523   0.3539    0.4508   0.03326   
  0.9    6.489271   4230.0   -0.136   3.987   1.594   -0.0635       6.634   0.2743    0.0589   0.367     0.4506   0.03681   
  0.9    6.502763   4228.0   -0.145   3.995   1.578   -0.0711       6.638   0.2883    0.0656   0.3774    0.4503   0.0403    
  0.9    6.509024   4227.0   -0.15    3.999   1.571   -0.0747       6.64    0.2948    0.0656   0.3756    0.4503   0.04029   
  0.9    6.523684   4225.0   -0.16    4.009   1.554   -0.0841       6.644   0.3101    0.0722   0.3847    0.45     0.04373   
  0.9    6.531033   4224.0   -0.165   4.014   1.546   -0.0883       6.645   0.3178    0.0788   0.395     0.4497   0.04713   
  0.9    6.545771   4221.0   -0.176   4.023   1.529   -0.0985       6.649   0.3333    0.0855   0.4023    0.4493   0.05048   
  0.9    6.553158   4220.0   -0.181   4.028   1.521   -0.1035       6.651   0.3411    0.0921   0.4112    0.449    0.05381   
  0.9    6.560556   4219.0   -0.186   4.032   1.513   -0.1085       6.653   0.349     0.0987   0.4196    0.4485   0.05711   
  0.9    6.575396   4217.0   -0.196   4.042   1.497   -0.1198       6.657   0.3648    0.1054   0.4251    0.4481   0.06035   
  0.9    6.582836   4215.0   -0.201   4.046   1.488   -0.1249       6.659   0.3727    0.112    0.4325    0.4476   0.0636    
  0.9    6.590288   4214.0   -0.207   4.051   1.48    -0.1314       6.66    0.3807    0.112    0.43      0.4476   0.06356   
  0.9    6.605244   4212.0   -0.217   4.06    1.465   -0.1439       6.664   0.3969    0.1253   0.4435    0.4466   0.06997   
  0.9    6.612743   4211.0   -0.222   4.065   1.457   -0.1506       6.666   0.405     0.1253   0.4409    0.4466   0.06993   
  0.9    6.620261   4210.0   -0.227   4.07    1.449   -0.1574       6.668   0.4132    0.1319   0.4472    0.4461   0.0731    
  0.9    6.635341   4208.0   -0.237   4.079   1.433   -0.1713       6.671   0.4297    0.1385   0.4504    0.4455   0.07619   
  0.9    6.642907   4206.0   -0.243   4.084   1.426   -0.1791       6.673   0.438     0.1452   0.456     0.4449   0.07931   
  0.9    6.65049    4205.0   -0.248   4.088   1.418   -0.1864       6.675   0.4463    0.1518   0.4613    0.4443   0.08242   
  0.9    6.665709   4203.0   -0.258   4.098   1.403   -0.2027       6.679   0.4632    0.1584   0.4636    0.4436   0.08544   
  0.9    6.673344   4202.0   -0.263   4.102   1.395   -0.2111       6.681   0.4717    0.1651   0.4684    0.4429   0.08851   
  0.9    6.681      4201.0   -0.268   4.107   1.388   -0.219        6.682   0.4803    0.1717   0.4729    0.4422   0.09155   
  0.9    6.69636    4199.0   -0.278   4.116   1.373   -0.2366       6.686   0.4975    0.1783   0.4744    0.4415   0.0945    
  0.9    6.704018   4198.0   -0.283   4.121   1.366   -0.2464       6.688   0.5062    0.185    0.4786    0.4407   0.09752   
  0.9    6.71165    4197.0   -0.288   4.126   1.358   -0.2549       6.69    0.5148    0.1916   0.4826    0.44     0.1005    
  0.9    6.719253   4196.0   -0.293   4.13    1.351   -0.2644       6.691   0.5235    0.1982   0.4864    0.4392   0.1035    
  0.9    6.734377   4194.0   -0.303   4.139   1.337   -0.2832       6.695   0.5408    0.2049   0.4872    0.4383   0.1064    
  0.9    6.741898   4194.0   -0.308   4.144   1.33    -0.2933       6.697   0.5494    0.2115   0.4908    0.4375   0.1093    
  0.9    6.749391   4193.0   -0.313   4.148   1.323   -0.3036       6.699   0.5581    0.2181   0.4942    0.4366   0.1123    
  0.9    6.764292   4191.0   -0.322   4.157   1.31    -0.3224       6.702   0.5754    0.2314   0.5007    0.4348   0.1181    
  0.9    6.771701   4191.0   -0.327   4.162   1.303   -0.3335       6.704   0.584     0.2314   0.4977    0.4347   0.118     
  0.9    6.779082   4190.0   -0.332   4.166   1.297   -0.3439       6.706   0.5927    0.238    0.5008    0.4338   0.1209    
  0.9    6.793759   4188.0   -0.341   4.175   1.284   -0.3655       6.709   0.61      0.2513   0.5067    0.4318   0.1266    
  0.9    6.801055   4188.0   -0.345   4.179   1.278   -0.3757       6.711   0.6187    0.256    0.5078    0.4311   0.1286    
  0.9    6.815562   4187.0   -0.354   4.187   1.265   -0.3979       6.714   0.636     0.2653   0.5099    0.4295   0.1325    
  0.9    6.822773   4186.0   -0.359   4.192   1.259   -0.4078       6.716   0.6447    0.2742   0.5143    0.4281   0.1363    
  0.9    6.829955   4186.0   -0.363   4.196   1.253   -0.4202       6.718   0.6533    0.2742   0.5114    0.428    0.1362    
  0.9    6.844234   4185.0   -0.372   4.204   1.241   -0.4437       6.721   0.6707    0.283    0.5127    0.4264   0.1398    
  0.9    6.851331   4185.0   -0.376   4.208   1.236   -0.4547       6.723   0.6793    0.2918   0.5169    0.425    0.1436    
  0.9    6.865437   4184.0   -0.384   4.216   1.224   -0.4776       6.726   0.6967    0.3007   0.518     0.4233   0.1471    
  0.9    6.872446   4184.0   -0.388   4.22    1.219   -0.4895       6.728   0.7053    0.3095   0.522     0.4217   0.1509    
  0.9    6.879426   4184.0   -0.392   4.224   1.213   -0.5017       6.729   0.714     0.3095   0.5191    0.4216   0.1507    
  0.9    6.893298   4183.0   -0.4     4.232   1.202   -0.5258       6.733   0.7313    0.3272   0.5268    0.4183   0.1581    
  0.9    6.90019    4183.0   -0.404   4.236   1.197   -0.5376       6.734   0.74      0.3272   0.5238    0.4181   0.1579    
  0.9    6.913884   4184.0   -0.412   4.243   1.186   -0.5607       6.738   0.7574    0.342    0.5291    0.4152   0.164     
  0.9    6.920686   4184.0   -0.415   4.247   1.181   -0.5719       6.739   0.766     0.348    0.5305    0.4139   0.1664    
  0.9    6.9342     4184.0   -0.422   4.254   1.171   -0.5952       6.743   0.7834    0.354    0.529     0.4124   0.1685    
  0.9    6.940912   4184.0   -0.426   4.258   1.166   -0.6073       6.745   0.7921    0.3623   0.5322    0.4107   0.1719    
  0.9    6.954243   4185.0   -0.433   4.265   1.157   -0.6289       6.748   0.8094    0.3707   0.5324    0.4086   0.1751    
  0.9    6.960863   4186.0   -0.436   4.269   1.152   -0.6402       6.75    0.8181    0.379    0.5355    0.4068   0.1785    
  0.9    6.974009   4187.0   -0.443   4.276   1.143   -0.6615       6.753   0.8355    0.3874   0.5356    0.4047   0.1815    
  0.9    6.980536   4188.0   -0.446   4.279   1.138   -0.6737       6.755   0.8442    0.3958   0.5386    0.4027   0.1849    
  0.9    6.993497   4189.0   -0.452   4.286   1.129   -0.6968       6.758   0.8615    0.4041   0.5386    0.4005   0.1879    
  0.9    6.99993    4190.0   -0.455   4.29    1.125   -0.7055       6.76    0.8702    0.4125   0.5416    0.3985   0.1913    
  0.9    7.012702   4192.0   -0.461   4.296   1.116   -0.7282       6.763   0.8876    0.4208   0.5416    0.3961   0.1942    
  0.9    7.019041   4193.0   -0.464   4.299   1.112   -0.7375       6.765   0.8963    0.4281   0.5437    0.3943   0.1971    
  0.9    7.031623   4196.0   -0.469   4.306   1.104   -0.7595       6.768   0.9137    0.4354   0.5429    0.3921   0.1995    
  0.9    7.044077   4198.0   -0.474   4.312   1.096   -0.7799       6.771   0.9311    0.4477   0.5456    0.3886   0.2041    
  0.9    7.050256   4200.0   -0.477   4.315   1.092   -0.7878       6.773   0.9397    0.4528   0.5462    0.3872   0.2059    
  0.9    7.062518   4203.0   -0.481   4.321   1.085   -0.8069       6.777   0.9571    0.4628   0.5474    0.3841   0.2095    
  0.9    7.074648   4207.0   -0.486   4.327   1.077   -0.8239       6.78    0.9745    0.4729   0.5485    0.381    0.213     
  0.9    7.080663   4210.0   -0.488   4.33    1.074   -0.8327       6.782   0.9832    0.4779   0.5491    0.3794   0.2147    
  0.9    7.092598   4214.0   -0.491   4.336   1.067   -0.8508       6.785   1.0006    0.488    0.5503    0.3762   0.2182    
  0.9    7.104395   4219.0   -0.495   4.341   1.06    -0.8665       6.789   1.0181    0.4981   0.5515    0.3729   0.2217    
  0.9    7.110246   4222.0   -0.497   4.344   1.056   -0.8761       6.791   1.0268    0.5031   0.5522    0.3712   0.2233    
  0.9    7.121845   4228.0   -0.5     4.35    1.05    -0.8894       6.794   1.0442    0.5132   0.5534    0.3677   0.2267    
  0.9    7.133315   4234.0   -0.502   4.355   1.043   -0.9031       6.798   1.0616    0.5233   0.5547    0.3642   0.2301    
  0.9    7.139      4237.0   -0.504   4.357   1.04    -0.9101       6.8     1.0703    0.5283   0.5554    0.3624   0.2317    
  0.9    7.150268   4244.0   -0.506   4.362   1.034   -0.9245       6.803   1.0877    0.5384   0.5568    0.3587   0.235     
  0.9    7.161404   4251.0   -0.508   4.367   1.028   -0.9355       6.807   1.1052    0.5485   0.5582    0.3549   0.2382    
  0.9    7.172407   4259.0   -0.51    4.372   1.023   -0.9469       6.81    1.1226    0.5535   0.5562    0.3526   0.2391    
  0.9    7.183276   4267.0   -0.511   4.377   1.017   -0.9586       6.814   1.14      0.5636   0.5578    0.3487   0.2423    
  0.9    7.194012   4275.0   -0.512   4.381   1.012   -0.9706       6.818   1.1575    0.5724   0.5585    0.3451   0.2449    
  0.9    7.199327   4279.0   -0.512   4.384   1.01    -0.9788       6.82    1.1662    0.5724   0.5558    0.3447   0.2441    
  0.9    7.209863   4289.0   -0.513   4.388   1.005   -0.9872       6.823   1.1836    0.5812   0.5567    0.341    0.2466    
  0.9    7.22027    4298.0   -0.513   4.392   1.0     -0.9957       6.827   1.2011    0.5988   0.564     0.3341   0.2531    
  0.9    7.230543   4309.0   -0.513   4.396   0.995   -1.0048       6.831   1.2185    0.6039   0.5623    0.3315   0.2538    
  0.9    7.240689   4321.0   -0.512   4.4     0.991   -1.0119       6.835   1.236     0.6139   0.5643    0.3271   0.2567    
  0.9    7.250708   4333.0   -0.511   4.404   0.986   -1.0191       6.839   1.2534    0.619    0.5627    0.3244   0.2573    
  0.9    7.260601   4345.0   -0.51    4.407   0.982   -1.0255       6.843   1.2709    0.6291   0.565     0.3197   0.2602    
  0.9    7.270364   4358.0   -0.508   4.411   0.978   -1.0315       6.847   1.2884    0.6391   0.5674    0.3149   0.2631    
  0.9    7.280004   4371.0   -0.506   4.414   0.975   -1.0372       6.851   1.3058    0.6442   0.5661    0.3121   0.2636    
  0.9    7.289524   4385.0   -0.504   4.417   0.971   -1.0419       6.855   1.3233    0.6542   0.5688    0.3071   0.2664    
  0.9    7.303578   4406.0   -0.5     4.422   0.966   -1.0487       6.861   1.3495    0.6643   0.569     0.3015   0.2681    
  0.9    7.312803   4422.0   -0.497   4.425   0.963   -1.0521       6.866   1.367     0.6744   0.5721    0.2963   0.2708    
  0.9    7.321913   4437.0   -0.494   4.428   0.959   -1.056        6.87    1.3844    0.6794   0.5711    0.2932   0.2711    
  0.9    7.330913   4453.0   -0.49    4.43    0.957   -1.059        6.874   1.4019    0.6845   0.5702    0.29     0.2713    
  0.9    7.339805   4470.0   -0.486   4.433   0.954   -1.062        6.879   1.4194    0.6945   0.5738    0.2844   0.274     
  0.9    7.352938   4496.0   -0.48    4.437   0.95    -1.0655       6.885   1.4456    0.7046   0.575     0.2782   0.2754    
  0.9    7.361562   4514.0   -0.475   4.439   0.947   -1.068        6.89    1.4631    0.7084   0.5734    0.2754   0.2749    
  0.9    7.370084   4532.0   -0.47    4.441   0.945   -1.0701       6.894   1.4806    0.7197   0.5788    0.2687   0.278     
  0.9    7.382685   4561.0   -0.462   4.444   0.942   -1.0721       6.901   1.5068    0.7298   0.5809    0.2621   0.2793    
  0.9    7.390969   4580.0   -0.456   4.445   0.94    -1.0737       6.906   1.5243    0.7348   0.5808    0.2584   0.2792    
  0.9    7.399165   4601.0   -0.45    4.447   0.938   -1.0747       6.911   1.5417    0.7399   0.5809    0.2546   0.2791    
  0.9    7.4113     4635.0   -0.44    4.449   0.936   -1.0762       6.918   1.5679    0.75     0.5838    0.2475   0.2802    
  0.9    7.419281   4658.0   -0.432   4.451   0.934   -1.0773       6.923   1.5854    0.755    0.5842    0.2436   0.2801    
  0.9    7.431061   4694.0   -0.421   4.453   0.932   -1.0783       6.931   1.6115    0.7651   0.5879    0.236    0.2811    
  0.9    7.442428   4730.0   -0.41    4.455   0.93    -1.0794       6.938   1.637     0.7699   0.586     0.2316   0.2794    
  0.9    7.449785   4754.0   -0.402   4.456   0.929   -1.0799       6.944   1.6536    0.7757   0.588     0.2269   0.2796    
  0.9    7.460507   4790.0   -0.39    4.457   0.927   -1.0804       6.951   1.678     0.7872   0.5954    0.2178   0.2816    
  0.9    7.470847   4825.0   -0.379   4.458   0.926   -1.0809       6.959   1.7017    0.793    0.596     0.2124   0.2805    
  0.9    7.480837   4859.0   -0.368   4.459   0.925   -1.0809       6.966   1.7247    0.7974   0.5951    0.2079   0.2787    
  0.9    7.49048    4893.0   -0.356   4.46    0.924   -1.0814       6.974   1.7469    0.8059   0.6006    0.2002   0.2793    
  0.9    7.499834   4930.0   -0.344   4.461   0.923   -1.0814       6.981   1.7683    0.81     0.6       0.1958   0.2775    
  0.9    7.511957   4979.0   -0.328   4.462   0.922   -1.0814       6.992   1.7957    0.8175   0.603     0.1881   0.2764    
  0.9    7.520787   5014.0   -0.317   4.463   0.921   -1.082        7.0     1.8152    0.8243   0.608     0.1811   0.2764    
  0.9    7.529355   5046.0   -0.307   4.464   0.92    -1.082        7.008   1.8343    0.8275   0.607     0.1772   0.2745    
  0.9    7.540467   5090.0   -0.293   4.466   0.919   -1.082        7.019   1.8566    0.8362   0.6153    0.1675   0.2747    
  0.9    7.551419   5134.0   -0.28    4.467   0.917   -1.082        7.031   1.8759    0.8415   0.6176    0.1609   0.2732    
  0.9    7.560098   5168.0   -0.27    4.469   0.915   -1.082        7.041   1.8883    0.8441   0.6159    0.1573   0.2712    
  0.9    7.571112   5210.0   -0.259   4.472   0.912   -1.082        7.055   1.8998    0.8487   0.6173    0.1512   0.27      
  0.9    7.579592   5239.0   -0.253   4.475   0.908   -1.082        7.064   1.906     0.853    0.6206    0.1455   0.2701    
  0.9    7.590672   5272.0   -0.248   4.481   0.902   -1.082        7.075   1.9102    0.8574   0.6228    0.1393   0.2703    
  0.9    7.601479   5297.0   -0.248   4.489   0.894   -1.082        7.084   1.9105    0.8599   0.62      0.1356   0.2705    
  0.9    7.609499   5309.0   -0.251   4.496   0.886   -1.082        7.089   1.909     0.8599   0.6127    0.1353   0.2703    
  0.9    7.62021    5317.0   -0.26    4.508   0.875   -1.082        7.095   1.9054    0.8621   0.6097    0.1322   0.2725    
  0.9    7.631077   5315.0   -0.274   4.521   0.861   -1.082        7.098   1.9013    0.8642   0.607     0.1292   0.2757    
  0.9    7.639405   5310.0   -0.286   4.532   0.851   -1.082        7.1     1.8992    0.8642   0.6004    0.1293   0.2775    
  0.9    7.651337   5296.0   -0.306   4.547   0.836   -1.082        7.102   1.8973    0.8642   0.5922    0.1296   0.2804    
  0.9    7.660216   5284.0   -0.32    4.557   0.827   -1.082        7.103   1.8965    0.8642   0.5872    0.1298   0.2826    
  0.9    7.672692   5266.0   -0.337   4.568   0.816   -1.082        7.104   1.8958    0.8642   0.5819    0.1302   0.2854    
  0.9    7.680668   5256.0   -0.346   4.574   0.811   -1.0825       7.104   1.8957    0.8621   0.5735    0.1334   0.2854    
  0.9    7.69005    5245.0   -0.355   4.579   0.806   -1.0825       7.104   1.8956    0.8621   0.5714    0.1336   0.2868    
  0.9    7.701046   5236.0   -0.362   4.584   0.802   -1.0825       7.104   1.8959    0.8621   0.5698    0.1338   0.2881    
  0.9    7.713885   5227.0   -0.369   4.587   0.798   -1.0825       7.104   1.8959    0.8621   0.5688    0.134    0.2891    
  0.9    7.728807   5221.0   -0.373   4.589   0.797   -1.0825       7.103   1.8962    0.8621   0.5682    0.1341   0.2898    
  0.9    7.746061   5217.0   -0.375   4.59    0.796   -1.0825       7.103   1.8971    0.8621   0.5682    0.1342   0.2902    
  0.9    7.765901   5215.0   -0.376   4.59    0.796   -1.083        7.102   1.8971    0.8599   0.563     0.1372   0.289     
  0.9    7.788571   5214.0   -0.376   4.59    0.796   -1.083        7.101   1.8976    0.8599   0.5634    0.1373   0.2891    
  0.9    7.814299   5214.0   -0.375   4.589   0.797   -1.083        7.101   1.8987    0.8599   0.564     0.1373   0.289     
  0.9    7.843287   5213.0   -0.374   4.588   0.797   -1.0835       7.1     1.8985    0.8599   0.5645    0.1373   0.289     
  0.9    7.875697   5213.0   -0.374   4.588   0.798   -1.0835       7.1     1.8992    0.8599   0.5651    0.1373   0.2889    
  0.9    7.911644   5212.0   -0.373   4.587   0.799   -1.0835       7.099   1.8996    0.8599   0.5656    0.1373   0.2889    
  0.9    7.951187   5211.0   -0.373   4.586   0.799   -1.0841       7.099   1.899     0.8599   0.5662    0.1373   0.289     
  0.9    7.994327   5210.0   -0.373   4.586   0.8     -1.0846       7.098   1.8993    0.8599   0.5668    0.1373   0.289     
  0.9    8.041006   5209.0   -0.372   4.585   0.801   -1.0846       7.098   1.8993    0.8599   0.5674    0.1374   0.289     
  0.9    8.091111   5208.0   -0.372   4.584   0.801   -1.0851       7.097   1.8996    0.8599   0.568     0.1374   0.289     
  0.9    8.144481   5208.0   -0.371   4.583   0.802   -1.0857       7.096   1.8998    0.8599   0.5686    0.1374   0.289     
  0.9    8.200913   5207.0   -0.371   4.583   0.803   -1.0862       7.096   1.9001    0.8599   0.5691    0.1374   0.2889    
  0.9    8.260184   5207.0   -0.37    4.582   0.803   -1.0867       7.096   1.9008    0.8599   0.5697    0.1374   0.2889    
  0.9    8.322046   5207.0   -0.369   4.581   0.804   -1.0878       7.095   1.9017    0.8599   0.5702    0.1374   0.2888    
  0.9    8.383104   5208.0   -0.368   4.58    0.805   -1.0888       7.095   1.9037    0.8599   0.5707    0.1374   0.2886    
  0.9    8.436627   5208.0   -0.367   4.579   0.806   -1.0894       7.095   1.9052    0.8599   0.5711    0.1374   0.2884    
  0.9    8.484273   5209.0   -0.366   4.579   0.806   -1.0904       7.094   1.9067    0.8599   0.5715    0.1374   0.2883    
  0.9    8.527203   5209.0   -0.365   4.578   0.807   -1.091        7.094   1.9079    0.8599   0.5719    0.1373   0.2881    
  0.9    8.566269   5210.0   -0.365   4.577   0.808   -1.0921       7.094   1.9089    0.8599   0.5722    0.1373   0.288     
  0.9    8.602109   5210.0   -0.364   4.577   0.808   -1.0931       7.094   1.9097    0.8599   0.5725    0.1373   0.288     
  0.9    8.635215   5210.0   -0.364   4.576   0.809   -1.0937       7.094   1.9103    0.8599   0.5729    0.1373   0.2879    
  0.9    8.665976   5210.0   -0.363   4.576   0.809   -1.0947       7.094   1.911     0.8599   0.5732    0.1373   0.2878    
  0.9    8.694701   5210.0   -0.362   4.575   0.809   -1.0953       7.094   1.9118    0.8599   0.5734    0.1373   0.2877    
  0.9    8.721643   5211.0   -0.362   4.575   0.81    -1.0964       7.094   1.9126    0.8599   0.5737    0.1373   0.2876    
  0.9    8.747012   5211.0   -0.361   4.575   0.81    -1.0969       7.094   1.9134    0.8599   0.5739    0.1373   0.2875    
  0.9    8.770979   5212.0   -0.361   4.574   0.811   -1.098        7.094   1.9142    0.8599   0.5742    0.1373   0.2874    
  0.9    8.793693   5212.0   -0.36    4.574   0.811   -1.0985       7.095   1.9148    0.8599   0.5744    0.1373   0.2874    
  0.9    8.815278   5213.0   -0.359   4.573   0.811   -1.0991       7.095   1.9157    0.8599   0.5746    0.1373   0.2873    
  0.9    8.835841   5213.0   -0.359   4.573   0.812   -1.1002       7.095   1.9167    0.8599   0.5748    0.1373   0.2872    
  0.9    8.855474   5214.0   -0.358   4.572   0.812   -1.1007       7.095   1.9176    0.8599   0.575     0.1373   0.287     
  0.9    8.874258   5214.0   -0.358   4.572   0.813   -1.1018       7.095   1.9186    0.8599   0.5752    0.1373   0.2869    
  0.9    8.892263   5215.0   -0.357   4.572   0.813   -1.1024       7.095   1.9195    0.8599   0.5754    0.1372   0.2868    
  0.9    8.909551   5216.0   -0.356   4.571   0.813   -1.1035       7.096   1.9205    0.8599   0.5755    0.1372   0.2867    
  0.9    8.926177   5216.0   -0.356   4.571   0.814   -1.104        7.096   1.9214    0.8599   0.5757    0.1372   0.2866    
  0.9    8.94219    5217.0   -0.355   4.57    0.814   -1.1046       7.096   1.9224    0.8599   0.5759    0.1372   0.2864    
  0.9    8.957633   5218.0   -0.354   4.57    0.815   -1.1057       7.096   1.9233    0.8599   0.5761    0.1372   0.2863    
  0.9    8.972546   5218.0   -0.354   4.57    0.815   -1.1062       7.096   1.9243    0.8599   0.5762    0.1372   0.2862    
  0.9    8.986964   5219.0   -0.353   4.569   0.815   -1.1073       7.097   1.9253    0.8599   0.5764    0.1372   0.2861    
  0.9    9.00092    5220.0   -0.353   4.569   0.816   -1.1079       7.097   1.9263    0.8599   0.5765    0.1371   0.286     
  0.9    9.014441   5221.0   -0.352   4.568   0.816   -1.109        7.097   1.9273    0.8599   0.5767    0.1371   0.2859    
  0.9    9.027549   5221.0   -0.351   4.568   0.816   -1.1096       7.097   1.9283    0.8599   0.5768    0.1371   0.2857    
  0.9    9.040278   5222.0   -0.351   4.568   0.817   -1.1101       7.098   1.9293    0.8599   0.577     0.1371   0.2856    
  0.9    9.052644   5223.0   -0.35    4.567   0.817   -1.1113       7.098   1.9303    0.8599   0.5771    0.1371   0.2855    
  0.9    9.064668   5223.0   -0.35    4.567   0.817   -1.1118       7.098   1.931     0.8599   0.5773    0.1371   0.2854    
  0.9    9.076367   5224.0   -0.349   4.567   0.818   -1.1129       7.098   1.932     0.8599   0.5774    0.1371   0.2853    
  0.9    9.08776    5225.0   -0.348   4.566   0.818   -1.1135       7.098   1.9331    0.8599   0.5775    0.1371   0.2852    
  0.9    9.098858   5226.0   -0.348   4.566   0.818   -1.1141       7.099   1.9342    0.8599   0.5777    0.137    0.285     
  0.9    9.109683   5226.0   -0.347   4.566   0.819   -1.1152       7.099   1.9352    0.8599   0.5778    0.137    0.2849    
  0.9    9.120245   5227.0   -0.347   4.565   0.819   -1.1158       7.099   1.9363    0.8599   0.5779    0.137    0.2848    
  0.9    9.130556   5228.0   -0.346   4.565   0.819   -1.1169       7.099   1.9373    0.8599   0.5781    0.137    0.2847    
  0.9    9.140627   5229.0   -0.345   4.564   0.82    -1.1175       7.099   1.9384    0.8599   0.5782    0.137    0.2845    
  0.9    9.150468   5229.0   -0.345   4.564   0.82    -1.1186       7.1     1.9394    0.8599   0.5783    0.1369   0.2844    
  0.9    9.160093   5230.0   -0.344   4.564   0.82    -1.1192       7.1     1.9405    0.8599   0.5785    0.1369   0.2843    
  0.9    9.16951    5231.0   -0.343   4.563   0.821   -1.1198       7.1     1.9415    0.8599   0.5786    0.1369   0.2842    
  0.9    9.178727   5232.0   -0.343   4.563   0.821   -1.1209       7.1     1.9426    0.8599   0.5787    0.1369   0.2841    
  0.9    9.187752   5233.0   -0.342   4.563   0.821   -1.1215       7.101   1.9436    0.8599   0.5789    0.1369   0.2839    
  0.9    9.196591   5233.0   -0.342   4.562   0.822   -1.1226       7.101   1.9447    0.8599   0.579     0.1369   0.2838    
  0.9    9.205256   5234.0   -0.341   4.562   0.822   -1.1232       7.101   1.9453    0.8599   0.5792    0.1369   0.2837    
  0.9    9.213751   5234.0   -0.34    4.562   0.822   -1.1238       7.101   1.9464    0.8599   0.5793    0.1368   0.2836    
  0.9    9.222084   5235.0   -0.34    4.561   0.823   -1.1249       7.101   1.9476    0.8599   0.5795    0.1368   0.2835    
  0.9    9.23026    5236.0   -0.339   4.561   0.823   -1.1255       7.102   1.9487    0.8599   0.5796    0.1368   0.2833    
  0.9    9.238282   5237.0   -0.339   4.56    0.824   -1.1267       7.102   1.9498    0.8599   0.5797    0.1368   0.2832    
  0.9    9.246161   5238.0   -0.338   4.56    0.824   -1.1273       7.102   1.9509    0.8599   0.5798    0.1368   0.2831    
  0.9    9.2539     5239.0   -0.337   4.56    0.824   -1.1284       7.103   1.952     0.8599   0.58      0.1368   0.2829    
  0.9    9.261503   5239.0   -0.337   4.559   0.825   -1.129        7.103   1.9531    0.8599   0.5801    0.1368   0.2828    
  0.9    9.268976   5240.0   -0.336   4.559   0.825   -1.1296       7.103   1.9542    0.8599   0.5802    0.1367   0.2827    
  0.9    9.276319   5241.0   -0.335   4.559   0.825   -1.1308       7.103   1.9553    0.8599   0.5803    0.1367   0.2826    
  0.9    9.283543   5242.0   -0.335   4.558   0.826   -1.1314       7.104   1.9564    0.8599   0.5804    0.1367   0.2824    
  0.9    9.290649   5243.0   -0.334   4.558   0.826   -1.1325       7.104   1.9575    0.8599   0.5806    0.1367   0.2823    
  0.9    9.29764    5243.0   -0.334   4.558   0.826   -1.1331       7.104   1.9582    0.8599   0.5807    0.1367   0.2822    
  0.9    9.304521   5244.0   -0.333   4.557   0.827   -1.1343       7.104   1.9593    0.8599   0.5809    0.1367   0.2821    
  0.9    9.311294   5245.0   -0.332   4.557   0.827   -1.1349       7.104   1.9604    0.8599   0.581     0.1366   0.282     
  0.9    9.317961   5246.0   -0.332   4.556   0.827   -1.1355       7.105   1.9616    0.8599   0.5811    0.1366   0.2818    
  0.9    9.324529   5246.0   -0.331   4.556   0.828   -1.1367       7.105   1.9627    0.8599   0.5813    0.1366   0.2817    
  0.9    9.331      5247.0   -0.33    4.556   0.828   -1.1373       7.105   1.9639    0.8599   0.5814    0.1366   0.2816    
  0.9    9.337375   5248.0   -0.33    4.555   0.828   -1.1385       7.105   1.965     0.8599   0.5815    0.1366   0.2814    
  0.9    9.343659   5249.0   -0.329   4.555   0.829   -1.1391       7.106   1.9661    0.8599   0.5816    0.1366   0.2813    
  0.9    9.34985    5250.0   -0.328   4.555   0.829   -1.1403       7.106   1.9672    0.8599   0.5818    0.1365   0.2812    
  0.9    9.355957   5250.0   -0.328   4.554   0.829   -1.1409       7.106   1.9684    0.8599   0.5819    0.1365   0.281     
  0.9    9.361979   5251.0   -0.327   4.554   0.83    -1.1421       7.106   1.9695    0.8599   0.582     0.1365   0.2809    
  0.9    9.367918   5252.0   -0.327   4.554   0.83    -1.1427       7.107   1.9703    0.8599   0.5822    0.1365   0.2808    
  0.9    9.373778   5253.0   -0.326   4.553   0.83    -1.1433       7.107   1.9714    0.8599   0.5823    0.1365   0.2807    
  0.9    9.379557   5253.0   -0.325   4.553   0.831   -1.1445       7.107   1.9725    0.8599   0.5825    0.1365   0.2806    
  0.9    9.385263   5254.0   -0.325   4.552   0.831   -1.1451       7.107   1.9737    0.8599   0.5826    0.1364   0.2804    
  0.9    9.390895   5255.0   -0.324   4.552   0.832   -1.1457       7.108   1.9749    0.8621   0.5886    0.1335   0.2817    
  0.9    9.396454   5256.0   -0.323   4.552   0.832   -1.1463       7.108   1.9761    0.8621   0.5887    0.1335   0.2816    
  0.9    9.401943   5257.0   -0.323   4.551   0.832   -1.1463       7.108   1.9772    0.8621   0.5888    0.1334   0.2815    
  0.9    9.407362   5258.0   -0.322   4.551   0.833   -1.1469       7.109   1.9784    0.8621   0.589     0.1334   0.2813    
  0.9    9.412716   5259.0   -0.321   4.551   0.833   -1.1475       7.109   1.9795    0.8621   0.5891    0.1334   0.2812    
  0.9    9.418004   5259.0   -0.321   4.55    0.833   -1.1481       7.109   1.9807    0.8621   0.5892    0.1334   0.2811    
  0.9    9.423229   5260.0   -0.32    4.55    0.834   -1.1481       7.109   1.9819    0.8621   0.5893    0.1334   0.2809    
  0.9    9.428392   5261.0   -0.32    4.549   0.834   -1.1487       7.109   1.983     0.8621   0.5895    0.1333   0.2808    
  0.9    9.433495   5262.0   -0.319   4.549   0.834   -1.1494       7.11    1.9839    0.8621   0.5896    0.1333   0.2807    
  0.9    9.438536   5262.0   -0.318   4.549   0.835   -1.15         7.11    1.9851    0.8621   0.5898    0.1333   0.2806    
  0.9    9.443521   5263.0   -0.318   4.548   0.835   -1.15         7.11    1.9862    0.8621   0.5899    0.1333   0.2804    
  0.9    9.44845    5264.0   -0.317   4.548   0.835   -1.1506       7.111   1.9874    0.8621   0.59      0.1333   0.2803    
  0.9    9.453323   5265.0   -0.316   4.548   0.836   -1.1512       7.111   1.9886    0.8621   0.5902    0.1333   0.2802    
  0.9    9.458142   5266.0   -0.316   4.547   0.836   -1.1518       7.111   1.9898    0.8621   0.5903    0.1333   0.28      
  0.9    9.462907   5267.0   -0.315   4.547   0.837   -1.1518       7.111   1.991     0.8621   0.5904    0.1332   0.2799    
  0.9    9.467621   5268.0   -0.314   4.546   0.837   -1.1524       7.112   1.9922    0.8621   0.5906    0.1332   0.2798    
  0.9    9.472285   5269.0   -0.314   4.546   0.837   -1.153        7.112   1.9934    0.8621   0.5907    0.1332   0.2796    
  0.9    9.4769     5270.0   -0.313   4.546   0.838   -1.1537       7.112   1.9946    0.8621   0.5908    0.1332   0.2795    
  0.9    9.481466   5270.0   -0.312   4.545   0.838   -1.1537       7.112   1.9958    0.8621   0.591     0.1332   0.2793    
  0.9    9.485982   5271.0   -0.312   4.545   0.838   -1.1543       7.113   1.9967    0.8621   0.5911    0.1332   0.2793    
  0.9    9.490454   5272.0   -0.311   4.545   0.839   -1.1549       7.113   1.9979    0.8621   0.5913    0.1331   0.2791    
  0.9    9.494881   5273.0   -0.31    4.544   0.839   -1.1555       7.113   1.9991    0.8621   0.5914    0.1331   0.279     
  0.9    9.499262   5273.0   -0.31    4.544   0.84    -1.1555       7.113   2.0004    0.8621   0.5915    0.1331   0.2789    
  0.9    9.5036     5274.0   -0.309   4.543   0.84    -1.1561       7.114   2.0016    0.8621   0.5917    0.1331   0.2787    
  0.9    9.507894   5275.0   -0.308   4.543   0.84    -1.1568       7.114   2.0028    0.8621   0.5918    0.1331   0.2786    
  0.9    9.512147   5276.0   -0.308   4.543   0.841   -1.1574       7.114   2.004     0.8621   0.5919    0.1331   0.2784    
  0.9    9.516358   5277.0   -0.307   4.542   0.841   -1.158        7.115   2.0053    0.8621   0.5921    0.133    0.2783    
  0.9    9.520529   5278.0   -0.306   4.542   0.841   -1.158        7.115   2.0065    0.8621   0.5922    0.133    0.2782    
  0.9    9.524661   5279.0   -0.306   4.541   0.842   -1.1586       7.115   2.0077    0.8621   0.5923    0.133    0.278     
  0.9    9.528753   5280.0   -0.305   4.541   0.842   -1.1593       7.115   2.009     0.8621   0.5925    0.133    0.2779    
  0.9    9.532807   5281.0   -0.304   4.541   0.843   -1.1599       7.116   2.0102    0.8621   0.5926    0.133    0.2778    
  0.9    9.536823   5281.0   -0.304   4.54    0.843   -1.1599       7.116   2.0114    0.8621   0.5927    0.133    0.2776    
  0.9    9.540804   5282.0   -0.303   4.54    0.843   -1.1605       7.116   2.0126    0.8621   0.5929    0.1329   0.2775    
  0.9    9.544747   5283.0   -0.302   4.539   0.844   -1.1612       7.117   2.0139    0.8621   0.593     0.1329   0.2773    
  0.9    9.548656   5284.0   -0.302   4.539   0.844   -1.1618       7.117   2.0151    0.8621   0.5932    0.1329   0.2772    
  0.9    9.552528   5284.0   -0.301   4.539   0.844   -1.1624       7.117   2.016     0.8621   0.5934    0.1329   0.2771    
  0.9    9.556368   5285.0   -0.301   4.538   0.845   -1.1624       7.117   2.0172    0.8621   0.5935    0.1329   0.277     
  0.9    9.560173   5286.0   -0.3     4.538   0.845   -1.163        7.117   2.0184    0.8621   0.5937    0.1329   0.2769    
  0.9    9.563946   5287.0   -0.299   4.537   0.846   -1.1637       7.118   2.0197    0.8621   0.5938    0.1328   0.2767    
  0.9    9.567686   5288.0   -0.298   4.537   0.846   -1.1643       7.118   2.021     0.8621   0.594     0.1328   0.2766    
  0.9    9.571393   5289.0   -0.298   4.537   0.846   -1.1643       7.118   2.0222    0.8621   0.5941    0.1328   0.2764    
  0.9    9.57507    5290.0   -0.297   4.536   0.847   -1.1649       7.119   2.0235    0.8621   0.5942    0.1328   0.2763    
  0.9    9.578716   5291.0   -0.296   4.536   0.847   -1.1656       7.119   2.0248    0.8621   0.5944    0.1328   0.2762    
  0.9    9.582332   5291.0   -0.296   4.535   0.848   -1.1662       7.119   2.0261    0.8621   0.5945    0.1327   0.276     
  0.9    9.585917   5292.0   -0.295   4.535   0.848   -1.1669       7.12    2.0274    0.8621   0.5946    0.1327   0.2759    
  0.9    9.589473   5293.0   -0.294   4.535   0.848   -1.1669       7.12    2.0287    0.8621   0.5948    0.1327   0.2757    
  0.9    9.593      5294.0   -0.293   4.534   0.849   -1.1675       7.12    2.03      0.8621   0.5949    0.1327   0.2756    
  0.9    9.596499   5295.0   -0.293   4.534   0.849   -1.1681       7.12    2.0313    0.8621   0.5951    0.1327   0.2754    
  0.9    9.59997    5296.0   -0.292   4.533   0.85    -1.1688       7.121   2.0326    0.8621   0.5952    0.1326   0.2753    
  0.9    9.603414   5297.0   -0.291   4.533   0.85    -1.1694       7.121   2.0339    0.8621   0.5953    0.1326   0.2752    
  0.9    9.606829   5298.0   -0.291   4.533   0.85    -1.1694       7.121   2.0351    0.8621   0.5955    0.1326   0.275     
  0.9    9.610219   5299.0   -0.29    4.532   0.851   -1.1701       7.122   2.0364    0.8621   0.5957    0.1326   0.2749    
  0.9    9.613583   5300.0   -0.289   4.532   0.851   -1.1707       7.122   2.0377    0.8621   0.5958    0.1326   0.2747    
  0.9    9.616921   5301.0   -0.289   4.531   0.852   -1.1713       7.122   2.039     0.8621   0.5959    0.1326   0.2746    
  0.9    9.620233   5301.0   -0.288   4.531   0.852   -1.172        7.122   2.0401    0.8621   0.5961    0.1326   0.2745    
  0.9    9.62352    5302.0   -0.287   4.531   0.852   -1.1726       7.123   2.0414    0.8621   0.5963    0.1325   0.2744    
  0.9    9.626782   5302.0   -0.287   4.53    0.853   -1.1726       7.123   2.0426    0.8621   0.5965    0.1325   0.2742    
  0.9    9.63002    5303.0   -0.286   4.53    0.853   -1.1733       7.123   2.0439    0.8621   0.5966    0.1325   0.2741    
  0.9    9.633234   5304.0   -0.285   4.529   0.854   -1.1739       7.124   2.0453    0.8621   0.5968    0.1325   0.274     
  0.9    9.636425   5305.0   -0.285   4.529   0.854   -1.1746       7.124   2.0466    0.8621   0.5969    0.1325   0.2738    
  0.9    9.639592   5306.0   -0.284   4.528   0.854   -1.1746       7.124   2.0479    0.8642   0.6035    0.1294   0.2751    
  0.9    9.642735   5307.0   -0.283   4.528   0.855   -1.1752       7.125   2.0493    0.8642   0.6036    0.1294   0.275     
  0.9    9.645857   5308.0   -0.282   4.528   0.855   -1.1752       7.125   2.0506    0.8642   0.6038    0.1294   0.2748    
  0.9    9.648957   5309.0   -0.282   4.527   0.856   -1.1752       7.125   2.052     0.8642   0.6039    0.1293   0.2747    
  0.9    9.652034   5310.0   -0.281   4.527   0.856   -1.1759       7.125   2.0534    0.8642   0.6041    0.1293   0.2745    
  0.9    9.65509    5311.0   -0.28    4.526   0.856   -1.1759       7.126   2.0547    0.8642   0.6042    0.1293   0.2744    
  0.9    9.658124   5312.0   -0.279   4.526   0.857   -1.1765       7.126   2.0561    0.8642   0.6044    0.1293   0.2742    
  0.9    9.661138   5313.0   -0.279   4.525   0.857   -1.1765       7.126   2.0574    0.8642   0.6046    0.1293   0.2741    
  0.9    9.66413    5314.0   -0.278   4.525   0.858   -1.1765       7.127   2.0588    0.8642   0.6047    0.1293   0.2739    
  0.9    9.667103   5315.0   -0.277   4.525   0.858   -1.1772       7.127   2.0602    0.8642   0.6049    0.1292   0.2738    
  0.9    9.670055   5316.0   -0.276   4.524   0.859   -1.1772       7.127   2.0616    0.8642   0.605     0.1292   0.2736    
  0.9    9.672986   5317.0   -0.276   4.524   0.859   -1.1778       7.128   2.0629    0.8642   0.6052    0.1292   0.2735    
  0.9    9.675898   5318.0   -0.275   4.523   0.859   -1.1778       7.128   2.0643    0.8642   0.6053    0.1292   0.2733    
  0.9    9.678791   5318.0   -0.274   4.523   0.86    -1.1778       7.128   2.0655    0.8642   0.6055    0.1292   0.2732    
  0.9    9.681665   5319.0   -0.274   4.522   0.86    -1.1785       7.128   2.0669    0.8642   0.6057    0.1292   0.2731    
  0.9    9.68452    5320.0   -0.273   4.522   0.861   -1.1785       7.129   2.0682    0.8642   0.6059    0.1291   0.273     
  0.9    9.687357   5321.0   -0.272   4.522   0.861   -1.1791       7.129   2.0696    0.8642   0.6061    0.1291   0.2728    
  0.9    9.690174   5321.0   -0.271   4.521   0.862   -1.1791       7.129   2.071     0.8642   0.6062    0.1291   0.2727    
  0.9    9.692974   5322.0   -0.271   4.521   0.862   -1.1791       7.13    2.0724    0.8642   0.6064    0.1291   0.2725    
  0.9    9.695756   5323.0   -0.27    4.52    0.862   -1.1798       7.13    2.0738    0.8642   0.6065    0.1291   0.2724    
  0.9    9.69852    5324.0   -0.269   4.52    0.863   -1.1798       7.13    2.0752    0.8642   0.6067    0.129    0.2722    
  0.9    9.701267   5325.0   -0.268   4.519   0.863   -1.1805       7.131   2.0766    0.8642   0.6069    0.129    0.2721    
  0.9    9.703995   5326.0   -0.268   4.519   0.864   -1.1805       7.131   2.078     0.8642   0.607     0.129    0.2719    
  0.9    9.706708   5327.0   -0.267   4.519   0.864   -1.1811       7.131   2.0795    0.8642   0.6072    0.129    0.2717    
  0.9    9.709403   5328.0   -0.266   4.518   0.865   -1.1811       7.132   2.0809    0.8642   0.6074    0.129    0.2716    
  0.9    9.712082   5329.0   -0.265   4.518   0.865   -1.1811       7.132   2.0824    0.8642   0.6075    0.129    0.2714    
  0.9    9.714745   5330.0   -0.265   4.517   0.866   -1.1818       7.132   2.0838    0.8642   0.6077    0.1289   0.2713    
  0.9    9.71739    5331.0   -0.264   4.517   0.866   -1.1818       7.133   2.0853    0.8642   0.6078    0.1289   0.2711    
  0.9    9.72002    5332.0   -0.263   4.516   0.867   -1.1824       7.133   2.0867    0.8642   0.608     0.1289   0.271     
  0.9    9.722635   5333.0   -0.262   4.516   0.867   -1.1824       7.133   2.0882    0.8642   0.6082    0.1289   0.2708    
  0.9    9.725234   5334.0   -0.262   4.515   0.867   -1.1831       7.134   2.0896    0.8642   0.6083    0.1288   0.2707    
  0.9    9.727817   5335.0   -0.261   4.515   0.868   -1.1831       7.134   2.091     0.8642   0.6085    0.1288   0.2706    
  0.9    9.730384   5336.0   -0.26    4.514   0.868   -1.1831       7.134   2.0924    0.8642   0.6087    0.1288   0.2704    
  0.9    9.732937   5336.0   -0.259   4.514   0.869   -1.1838       7.134   2.0938    0.8642   0.6089    0.1288   0.2703    
  0.9    9.735475   5337.0   -0.259   4.514   0.869   -1.1838       7.135   2.0953    0.8642   0.6091    0.1288   0.2701    
  0.9    9.737998   5338.0   -0.258   4.513   0.87    -1.1844       7.135   2.0968    0.8642   0.6093    0.1288   0.27      
  0.9    9.740507   5339.0   -0.257   4.513   0.87    -1.1844       7.135   2.0982    0.8642   0.6095    0.1288   0.2698    
  0.9    9.743001   5340.0   -0.256   4.512   0.871   -1.1844       7.136   2.0997    0.8642   0.6096    0.1287   0.2697    
  0.9    9.745481   5341.0   -0.256   4.512   0.871   -1.1851       7.136   2.1012    0.8642   0.6098    0.1287   0.2695    
  0.9    9.747947   5342.0   -0.255   4.511   0.872   -1.1851       7.136   2.1027    0.8642   0.61      0.1287   0.2693    
  0.9    9.750399   5343.0   -0.254   4.511   0.872   -1.1858       7.137   2.1042    0.8642   0.6101    0.1287   0.2692    
  0.9    9.752837   5344.0   -0.253   4.51    0.873   -1.1858       7.137   2.1057    0.8642   0.6103    0.1286   0.269     
  0.9    9.755262   5345.0   -0.252   4.51    0.873   -1.1864       7.138   2.1073    0.8642   0.6105    0.1286   0.2688    
  0.9    9.757672   5346.0   -0.252   4.509   0.873   -1.1864       7.138   2.1088    0.8642   0.6107    0.1286   0.2687    
  0.9    9.76007    5347.0   -0.251   4.509   0.874   -1.1871       7.138   2.1103    0.8642   0.6109    0.1286   0.2685    
  0.9    9.762455   5348.0   -0.25    4.508   0.874   -1.1871       7.139   2.1119    0.8642   0.611     0.1286   0.2684    
  0.9    9.764827   5349.0   -0.249   4.508   0.875   -1.1871       7.139   2.1134    0.8642   0.6112    0.1285   0.2682    
  0.9    9.767186   5350.0   -0.248   4.507   0.875   -1.1878       7.139   2.1149    0.8642   0.6114    0.1285   0.2681    
  0.9    9.769531   5351.0   -0.248   4.507   0.876   -1.1878       7.14    2.1165    0.8642   0.6116    0.1285   0.2679    
  0.9    9.771864   5352.0   -0.247   4.506   0.876   -1.1884       7.14    2.118     0.8642   0.6118    0.1285   0.2678    
  0.9    9.774185   5353.0   -0.246   4.506   0.877   -1.1884       7.14    2.1195    0.8642   0.612     0.1285   0.2676    
  0.9    9.776494   5354.0   -0.245   4.505   0.877   -1.1891       7.14    2.121     0.8642   0.6122    0.1285   0.2675    
  0.9    9.778791   5355.0   -0.245   4.505   0.878   -1.1891       7.141   2.1226    0.8642   0.6124    0.1284   0.2673    
  0.9    9.781074   5356.0   -0.244   4.504   0.878   -1.1898       7.141   2.1242    0.8642   0.6126    0.1284   0.2672    
  0.9    9.783347   5357.0   -0.243   4.504   0.879   -1.1898       7.141   2.1257    0.8642   0.6127    0.1284   0.267     
  0.9    9.785607   5358.0   -0.242   4.503   0.879   -1.1898       7.142   2.1273    0.8642   0.6129    0.1284   0.2668    
  0.9    9.787856   5359.0   -0.241   4.503   0.88    -1.1904       7.142   2.1289    0.8642   0.6131    0.1284   0.2667    
  0.9    9.790094   5360.0   -0.24    4.502   0.88    -1.1904       7.143   2.1305    0.8662   0.6196    0.1256   0.2678    
  0.9    9.792319   5361.0   -0.24    4.502   0.881   -1.1904       7.143   2.1321    0.8662   0.6198    0.1255   0.2676    
  0.9    9.794533   5362.0   -0.239   4.501   0.881   -1.1911       7.143   2.1337    0.8662   0.62      0.1255   0.2675    
  0.9    9.796737   5363.0   -0.238   4.501   0.882   -1.1911       7.144   2.1353    0.8662   0.6202    0.1255   0.2673    
  0.9    9.798929   5364.0   -0.237   4.5     0.882   -1.1911       7.144   2.1369    0.8662   0.6203    0.1255   0.2672    
  0.9    9.80111    5365.0   -0.236   4.5     0.883   -1.1911       7.144   2.1386    0.8662   0.6205    0.1255   0.267     
  0.9    9.809726   5368.0   -0.233   4.498   0.885   -1.1918       7.146   2.1451    0.8662   0.6214    0.1254   0.2664    
  0.9    9.820261   5374.0   -0.229   4.495   0.888   -1.1925       7.148   2.1534    0.8662   0.6224    0.1253   0.2656    
  0.9    9.830547   5379.0   -0.224   4.493   0.89    -1.1931       7.149   2.1619    0.8662   0.6234    0.1252   0.2647    
  0.9    9.840595   5384.0   -0.22    4.49    0.893   -1.1945       7.151   2.1706    0.8662   0.6245    0.1251   0.2639    
  0.9    9.850415   5389.0   -0.216   4.487   0.896   -1.1952       7.153   2.1793    0.8662   0.6256    0.125    0.263     
  0.9    9.860019   5394.0   -0.211   4.485   0.899   -1.1959       7.155   2.1883    0.8662   0.6268    0.1249   0.2621    
  0.9    9.869414   5399.0   -0.207   4.482   0.902   -1.1965       7.157   2.1976    0.8662   0.6279    0.1248   0.2612    
  0.9    9.880427   5406.0   -0.201   4.478   0.905   -1.1979       7.16    2.2089    0.8662   0.6294    0.1246   0.2601    
  0.9    9.889396   5411.0   -0.197   4.475   0.908   -1.1986       7.162   2.2186    0.8662   0.6305    0.1245   0.2592    
  0.9    9.899919   5418.0   -0.191   4.472   0.912   -1.1993       7.164   2.2306    0.8681   0.6391    0.1216   0.2595    
  0.9    9.910194   5424.0   -0.185   4.468   0.916   -1.2          7.167   2.2429    0.8681   0.6406    0.1214   0.2583    
  0.9    9.920231   5431.0   -0.179   4.464   0.92    -1.2          7.169   2.2556    0.8681   0.6423    0.1213   0.2572    
  0.9    9.930042   5438.0   -0.173   4.46    0.924   -1.2007       7.172   2.2687    0.8681   0.644     0.1211   0.256     
  0.9    9.939635   5445.0   -0.167   4.456   0.929   -1.2013       7.174   2.2824    0.8681   0.6458    0.121    0.2548    
  0.9    9.949021   5452.0   -0.16    4.452   0.933   -1.202        7.177   2.2963    0.8681   0.6476    0.1209   0.2535    
  0.9    9.959722   5460.0   -0.152   4.447   0.939   -1.202        7.18    2.3135    0.8681   0.6499    0.1207   0.252     
  0.9    9.970165   5469.0   -0.144   4.441   0.945   -1.2027       7.184   2.3312    0.8698   0.6591    0.1179   0.2517    
  0.9    9.980362   5477.0   -0.136   4.436   0.951   -1.2034       7.187   2.3499    0.8698   0.6616    0.1177   0.2502    
  0.9    9.990326   5486.0   -0.128   4.43    0.957   -1.2034       7.19    2.3695    0.8698   0.6643    0.1176   0.2485    
  0.9    10.000065  5495.0   -0.119   4.424   0.964   -1.2034       7.194   2.3897    0.8698   0.6672    0.1174   0.2469    
