# Mass   time       Teff     L/Ls     g       R/Rs    Log(Li/Li0)   logTc   logROc    Mrad   Rrad   k2conv   k2rad  
  0.2    5.693823   3220.0   -0.539   3.262   1.731   0.0           5.98    -0.4614   0.0    0.0    0.44     0.0    
  0.2    5.703383   3220.0   -0.54    3.264   1.728   0.0           5.981   -0.4594   0.0    0.0    0.44     0.0    
  0.2    5.712525   3220.0   -0.541   3.265   1.725   0.0           5.981   -0.4574   0.0    0.0    0.4401   0.0    
  0.2    5.721278   3220.0   -0.543   3.266   1.722   0.0           5.982   -0.4554   0.0    0.0    0.4401   0.0    
  0.2    5.729665   3220.0   -0.544   3.268   1.719   0.0           5.983   -0.4534   0.0    0.0    0.4402   0.0    
  0.2    5.745433   3220.0   -0.547   3.271   1.714   0.0           5.984   -0.4494   0.0    0.0    0.4402   0.0    
  0.2    5.752852   3221.0   -0.548   3.272   1.711   0.0           5.985   -0.4475   0.0    0.0    0.4403   0.0    
  0.2    5.759986   3221.0   -0.549   3.273   1.708   0.0           5.985   -0.4455   0.0    0.0    0.4403   0.0    
  0.2    5.773459   3221.0   -0.552   3.276   1.703   0.0           5.987   -0.4416   0.0    0.0    0.4404   0.0    
  0.2    5.779826   3221.0   -0.553   3.278   1.7     0.0           5.987   -0.4396   0.0    0.0    0.4404   0.0    
  0.2    5.791887   3221.0   -0.556   3.28    1.695   0.0           5.989   -0.4358   0.0    0.0    0.4405   0.0    
  0.2    5.803124   3222.0   -0.558   3.283   1.69    0.0           5.99    -0.432    0.0    0.0    0.4406   0.0    
  0.2    5.813617   3222.0   -0.561   3.286   1.684   0.0           5.991   -0.4282   0.0    0.0    0.4406   0.0    
  0.2    5.823434   3222.0   -0.563   3.288   1.679   0.0           5.992   -0.4244   0.0    0.0    0.4407   0.0    
  0.2    5.832638   3222.0   -0.566   3.291   1.674   0.0           5.994   -0.4207   0.0    0.0    0.4408   0.0    
  0.2    5.841281   3222.0   -0.568   3.294   1.669   0.0           5.995   -0.417    0.0    0.0    0.4409   0.0    
  0.2    5.849411   3223.0   -0.571   3.296   1.664   0.0           5.996   -0.4133   0.0    0.0    0.4409   0.0    
  0.2    5.860738   3223.0   -0.575   3.3     1.657   0.0           5.998   -0.4079   0.0    0.0    0.441    0.0    
  0.2    5.871131   3223.0   -0.578   3.304   1.65    0.0           6.0     -0.4026   0.0    0.0    0.4411   0.0    
  0.2    5.880696   3223.0   -0.582   3.307   1.643   0.0           6.001   -0.3973   0.0    0.0    0.4412   0.0    
  0.2    5.889526   3224.0   -0.585   3.311   1.636   0.0           6.003   -0.3922   0.0    0.0    0.4413   0.0    
  0.2    5.900288   3224.0   -0.59    3.316   1.627   0.0           6.005   -0.3854   0.0    0.0    0.4414   0.0    
  0.2    5.910038   3224.0   -0.594   3.32    1.618   0.0           6.007   -0.3788   0.0    0.0    0.4415   0.0    
  0.2    5.921003   3224.0   -0.6     3.326   1.608   0.0           6.01    -0.3708   0.0    0.0    0.4417   0.0    
  0.2    5.930805   3225.0   -0.605   3.332   1.598   0.0           6.013   -0.363    0.0    0.0    0.4418   0.0    
  0.2    5.939617   3225.0   -0.61    3.337   1.588   0.0           6.015   -0.3555   0.0    0.0    0.442    0.0    
  0.2    5.949082   3225.0   -0.616   3.343   1.577   0.0           6.018   -0.3468   0.0    0.0    0.4421   0.0    
  0.2    5.960139   3225.0   -0.624   3.351   1.563   0.0           6.021   -0.3358   0.0    0.0    0.4423   0.0    
  0.2    5.969741   3226.0   -0.631   3.358   1.55    0.0           6.025   -0.3254   0.0    0.0    0.4425   0.0    
  0.2    5.979147   3226.0   -0.639   3.366   1.536   0.0           6.028   -0.3145   0.0    0.0    0.4427   0.0    
  0.2    5.989055   3226.0   -0.647   3.374   1.521   0.0           6.032   -0.3022   0.0    0.0    0.4429   0.0    
  0.2    5.999017   3226.0   -0.657   3.384   1.505   0.0           6.037   -0.2889   0.0    0.0    0.4431   0.0    
  0.2    6.009328   3226.0   -0.667   3.394   1.487   0.0           6.041   -0.2743   0.0    0.0    0.4434   0.0    
  0.2    6.019037   3226.0   -0.677   3.404   1.47    0.0           6.046   -0.26     0.0    0.0    0.4436   0.0    
  0.2    6.029368   3226.0   -0.688   3.415   1.452   0.0           6.051   -0.2443   0.0    0.0    0.4439   0.0    
  0.2    6.039053   3225.0   -0.699   3.425   1.434   0.0           6.056   -0.2293   0.0    0.0    0.4441   0.0    
  0.2    6.050117   3225.0   -0.711   3.437   1.415   0.0           6.061   -0.2123   0.0    0.0    0.4444   0.0    
  0.2    6.063063   3224.0   -0.725   3.451   1.392   0.0           6.067   -0.1926   0.0    0.0    0.4447   0.0    
  0.2    6.071937   3224.0   -0.735   3.46    1.378   0.0           6.072   -0.1794   0.0    0.0    0.4449   0.0    
  0.2    6.080901   3223.0   -0.744   3.47    1.363   0.0           6.076   -0.1662   0.0    0.0    0.4451   0.0    
  0.2    6.089955   3222.0   -0.754   3.479   1.348   0.0           6.08    -0.1531   0.0    0.0    0.4454   0.0    
  0.2    6.0991     3221.0   -0.764   3.488   1.334   0.0           6.084   -0.1399   0.0    0.0    0.4456   0.0    
  0.2    6.112994   3220.0   -0.778   3.502   1.313   0.0           6.091   -0.1203   0.0    0.0    0.446    0.0    
  0.2    6.122376   3220.0   -0.788   3.512   1.299   0.0           6.095   -0.1072   0.0    0.0    0.4462   0.0    
  0.2    6.131856   3219.0   -0.798   3.521   1.285   0.0           6.099   -0.0941   0.0    0.0    0.4464   0.0    
  0.2    6.141428   3218.0   -0.807   3.53    1.271   0.0           6.103   -0.081    0.0    0.0    0.4467   0.0    
  0.2    6.1511     3217.0   -0.817   3.539   1.258   0.0           6.107   -0.068    0.0    0.0    0.4469   0.0    
  0.2    6.160874   3217.0   -0.827   3.549   1.244   0.0           6.112   -0.055    0.0    0.0    0.4471   0.0    
  0.2    6.170751   3216.0   -0.837   3.558   1.231   0.0           6.116   -0.042    0.0    0.0    0.4474   0.0    
  0.2    6.180731   3215.0   -0.846   3.567   1.218   0.0           6.12    -0.029    0.0    0.0    0.4476   0.0    
  0.2    6.190819   3214.0   -0.856   3.577   1.205   0.0           6.124   -0.016    0.0    0.0    0.4479   0.0    
  0.2    6.201015   3213.0   -0.866   3.586   1.192   0.0           6.128   -0.003    0.0    0.0    0.4481   0.0    
  0.2    6.211318   3212.0   -0.876   3.595   1.18    0.0           6.132   0.0101    0.0    0.0    0.4483   0.0    
  0.2    6.221735   3210.0   -0.886   3.604   1.167   0.0           6.137   0.0232    0.0    0.0    0.4486   0.0    
  0.2    6.232262   3209.0   -0.896   3.614   1.155   0.0           6.141   0.0363    0.0    0.0    0.4488   0.0    
  0.2    6.242899   3208.0   -0.906   3.623   1.142   0.0           6.145   0.0494    0.0    0.0    0.449    0.0    
  0.2    6.253648   3207.0   -0.915   3.632   1.13    0.0           6.149   0.0626    0.0    0.0    0.4492   0.0    
  0.2    6.259063   3206.0   -0.92    3.637   1.124   0.0           6.151   0.0692    0.0    0.0    0.4493   0.0    
  0.2    6.269975   3205.0   -0.93    3.646   1.112   0.0           6.155   0.0825    0.0    0.0    0.4496   0.0    
  0.2    6.280995   3204.0   -0.94    3.655   1.1     0.0           6.16    0.0958    0.0    0.0    0.4498   0.0    
  0.2    6.292121   3203.0   -0.95    3.665   1.089   0.0           6.164   0.1091    0.0    0.0    0.45     0.0    
  0.2    6.303349   3202.0   -0.96    3.674   1.077   0.0           6.168   0.1224    0.0    0.0    0.4502   0.0    
  0.2    6.309002   3202.0   -0.965   3.679   1.071   0.0           6.17    0.1291    0.0    0.0    0.4503   0.0    
  0.2    6.320379   3201.0   -0.975   3.688   1.06    0.0           6.174   0.1425    0.0    0.0    0.4505   0.0    
  0.2    6.331848   3200.0   -0.984   3.697   1.049   0.0           6.179   0.1559    0.0    0.0    0.4506   0.0    
  0.2    6.343407   3199.0   -0.994   3.707   1.037   0.0           6.183   0.1693    0.0    0.0    0.4508   0.0    
  0.2    6.349217   3199.0   -0.999   3.711   1.032   0.0           6.185   0.176     0.0    0.0    0.4509   0.0    
  0.2    6.3609     3198.0   -1.009   3.721   1.021   0.0           6.189   0.1895    0.0    0.0    0.4511   0.0    
  0.2    6.372662   3198.0   -1.018   3.73    1.01    0.0           6.194   0.203     0.0    0.0    0.4513   0.0    
  0.2    6.384493   3197.0   -1.028   3.739   0.999   0.0           6.198   0.2165    0.0    0.0    0.4515   0.0    
  0.2    6.390437   3197.0   -1.033   3.744   0.994   0.0           6.2     0.2233    0.0    0.0    0.4516   0.0    
  0.2    6.402371   3197.0   -1.042   3.753   0.983   0.0           6.204   0.2368    0.0    0.0    0.4517   0.0    
  0.2    6.414368   3196.0   -1.052   3.763   0.973   0.0           6.209   0.2504    0.0    0.0    0.4519   0.0    
  0.2    6.42039    3196.0   -1.057   3.767   0.967   0.0           6.211   0.2572    0.0    0.0    0.452    0.0    
  0.2    6.432472   3196.0   -1.066   3.777   0.957   0.0           6.215   0.2708    0.0    0.0    0.4522   0.0    
  0.2    6.444608   3196.0   -1.075   3.786   0.947   0.0           6.22    0.2844    0.0    0.0    0.4524   0.0    
  0.2    6.450695   3196.0   -1.08    3.791   0.942   0.0           6.222   0.2912    0.0    0.0    0.4525   0.0    
  0.2    6.46289    3196.0   -1.089   3.8     0.932   0.0           6.226   0.3048    0.0    0.0    0.4526   0.0    
  0.2    6.469012   3196.0   -1.094   3.805   0.926   0.0           6.228   0.3116    0.0    0.0    0.4527   0.0    
  0.2    6.481288   3196.0   -1.103   3.814   0.917   0.0           6.233   0.3253    0.0    0.0    0.4529   0.0    
  0.2    6.493606   3197.0   -1.112   3.824   0.907   0.0           6.237   0.3389    0.0    0.0    0.4531   0.0    
  0.2    6.499779   3197.0   -1.117   3.828   0.902   0.0           6.239   0.3458    0.0    0.0    0.4531   0.0    
  0.2    6.512157   3198.0   -1.126   3.838   0.892   0.0           6.244   0.3594    0.0    0.0    0.4533   0.0    
  0.2    6.52457    3198.0   -1.135   3.847   0.882   0.0           6.248   0.3731    0.0    0.0    0.4535   0.0    
  0.2    6.530791   3199.0   -1.14    3.852   0.878   0.0           6.25    0.3799    0.0    0.0    0.4536   0.0    
  0.2    6.543258   3200.0   -1.148   3.861   0.868   0.0           6.255   0.3937    0.0    0.0    0.4537   0.0    
  0.2    6.549505   3200.0   -1.153   3.866   0.864   0.0           6.257   0.4005    0.0    0.0    0.4538   0.0    
  0.2    6.562024   3201.0   -1.162   3.875   0.854   0.0           6.261   0.4143    0.0    0.0    0.454    0.0    
  0.2    6.574576   3203.0   -1.171   3.885   0.845   0.0           6.266   0.428     0.0    0.0    0.4542   0.0    
  0.2    6.580865   3203.0   -1.175   3.89    0.84    0.0           6.268   0.4349    0.0    0.0    0.4542   0.0    
  0.2    6.593464   3205.0   -1.184   3.899   0.831   0.0           6.272   0.4487    0.0    0.0    0.4544   0.0    
  0.2    6.599774   3205.0   -1.188   3.904   0.827   0.0           6.275   0.4556    0.0    0.0    0.4545   0.0    
  0.2    6.612414   3207.0   -1.197   3.913   0.818   0.0           6.279   0.4694    0.0    0.0    0.4546   0.0    
  0.2    6.625078   3208.0   -1.205   3.923   0.809   0.0           6.284   0.4833    0.0    0.0    0.4548   0.0    
  0.2    6.631413   3209.0   -1.21    3.928   0.805   0.0           6.286   0.4902    0.0    0.0    0.4549   0.0    
  0.2    6.644092   3211.0   -1.218   3.937   0.796   0.0           6.29    0.504     0.0    0.0    0.455    0.0    
  0.2    6.650436   3212.0   -1.222   3.942   0.791   0.0           6.293   0.511     0.0    0.0    0.4551   0.0    
  0.2    6.66313    3214.0   -1.231   3.951   0.783   0.0           6.297   0.5248    0.0    0.0    0.4552   0.0    
  0.2    6.669481   3215.0   -1.235   3.956   0.779   0.0           6.299   0.5318    0.0    0.0    0.4553   0.0    
  0.2    6.682187   3217.0   -1.243   3.965   0.77    0.0           6.304   0.5457    0.0    0.0    0.4555   0.0    
  0.2    6.694899   3219.0   -1.252   3.975   0.762   0.0           6.308   0.5596    0.0    0.0    0.4556   0.0    
  0.2    6.701256   3220.0   -1.256   3.98    0.758   0.0           6.31    0.5665    0.0    0.0    0.4557   0.0    
  0.2    6.713973   3223.0   -1.264   3.989   0.749   0.0           6.315   0.5804    0.0    0.0    0.4558   0.0    
  0.2    6.720333   3224.0   -1.268   3.994   0.745   0.0           6.317   0.5874    0.0    0.0    0.4558   0.0    
  0.2    6.733054   3225.0   -1.277   4.003   0.737   0.0           6.322   0.6013    0.0    0.0    0.456    0.0    
  0.2    6.739417   3226.0   -1.281   4.008   0.733   0.0           6.324   0.6082    0.0    0.0    0.456    0.0    
  0.2    6.752169   3226.0   -1.29    4.017   0.725   0.0           6.328   0.6222    0.0    0.0    0.4561   0.0    
  0.2    6.764951   3226.0   -1.3     4.027   0.718   0.0           6.333   0.6361    0.0    0.0    0.4563   0.0    
  0.2    6.771352   3227.0   -1.304   4.032   0.714   0.0           6.335   0.643     0.0    0.0    0.4563   0.0    
  0.2    6.784174   3227.0   -1.313   4.041   0.706   0.0           6.34    0.6569    0.0    0.0    0.4564   0.0    
  0.2    6.790595   3228.0   -1.318   4.046   0.702   0.0           6.342   0.6639    0.0    0.0    0.4565   0.0    
  0.2    6.803452   3228.0   -1.327   4.055   0.694   0.0           6.346   0.6778    0.0    0.0    0.4566   0.0    
  0.2    6.809888   3228.0   -1.332   4.06    0.691   0.0           6.348   0.6848    0.0    0.0    0.4567   0.0    
  0.2    6.822774   3229.0   -1.341   4.069   0.683   0.0           6.353   0.6987    0.0    0.0    0.4568   0.0    
  0.2    6.829223   3229.0   -1.345   4.074   0.68    0.0           6.355   0.7057    0.0    0.0    0.4568   0.0    
  0.2    6.842133   3230.0   -1.354   4.084   0.672   0.0           6.36    0.7196    0.0    0.0    0.4569   0.0    
  0.2    6.855056   3231.0   -1.363   4.093   0.665   0.0           6.364   0.7336    0.0    0.0    0.457    0.0    
  0.2    6.861521   3231.0   -1.368   4.098   0.661   0.0           6.366   0.7405    0.0    0.0    0.4571   0.0    
  0.2    6.874461   3232.0   -1.377   4.107   0.654   0.0           6.371   0.7545    0.0    0.0    0.4572   0.0    
  0.2    6.880934   3232.0   -1.381   4.112   0.651   0.0           6.373   0.7614    0.0    0.0    0.4572   0.0    
  0.2    6.893887   3233.0   -1.39    4.121   0.644   0.0           6.378   0.7754    0.0    0.0    0.4573   0.0    
  0.2    6.900368   3233.0   -1.395   4.126   0.64    0.0           6.38    0.7823    0.0    0.0    0.4573   0.0    
  0.2    6.913332   3234.0   -1.404   4.135   0.633   0.0           6.384   0.7963    0.0    0.0    0.4574   0.0    
  0.2    6.919818   3235.0   -1.408   4.14    0.63    0.0           6.386   0.8032    0.0    0.0    0.4575   0.0    
  0.2    6.932794   3235.0   -1.417   4.149   0.623   0.0           6.391   0.8171    0.0    0.0    0.4576   0.0    
  0.2    6.939285   3236.0   -1.422   4.154   0.62    0.0           6.393   0.8241    0.0    0.0    0.4576   0.0    
  0.2    6.952271   3237.0   -1.431   4.163   0.613   0.0           6.397   0.838     0.0    0.0    0.4577   0.0    
  0.2    6.965266   3238.0   -1.44    4.173   0.607   0.0           6.402   0.8519    0.0    0.0    0.4578   0.0    
  0.2    6.971766   3238.0   -1.444   4.178   0.603   0.0           6.404   0.8589    0.0    0.0    0.4578   0.0    
  0.2    6.98477    3239.0   -1.453   4.187   0.597   0.0           6.409   0.8728    0.0    0.0    0.4579   0.0    
  0.2    6.991275   3239.0   -1.457   4.192   0.594   0.0           6.411   0.8798    0.0    0.0    0.4579   0.0    
  0.2    7.004291   3240.0   -1.466   4.201   0.587   0.0           6.415   0.8937    0.0    0.0    0.458    0.0    
  0.2    7.010804   3240.0   -1.471   4.206   0.584   0.0           6.418   0.9007    0.0    0.0    0.458    0.0    
  0.2    7.023833   3241.0   -1.48    4.215   0.578   -4.0E-4       6.422   0.9146    0.0    0.0    0.4581   0.0    
  0.2    7.030353   3242.0   -1.484   4.22    0.575   -4.0E-4       6.424   0.9215    0.0    0.0    0.4582   0.0    
  0.2    7.043394   3243.0   -1.493   4.229   0.569   -4.0E-4       6.429   0.9355    0.0    0.0    0.4582   0.0    
  0.2    7.049919   3243.0   -1.498   4.234   0.566   -4.0E-4       6.431   0.9424    0.0    0.0    0.4582   0.0    
  0.2    7.062977   3244.0   -1.506   4.243   0.559   -4.0E-4       6.435   0.9564    0.0    0.0    0.4583   0.0    
  0.2    7.069509   3244.0   -1.511   4.248   0.556   -9.0E-4       6.437   0.9634    0.0    0.0    0.4583   0.0    
  0.2    7.082574   3245.0   -1.52    4.257   0.551   -9.0E-4       6.442   0.9773    0.0    0.0    0.4584   0.0    
  0.2    7.089113   3246.0   -1.524   4.262   0.548   -9.0E-4       6.444   0.9843    0.0    0.0    0.4584   0.0    
  0.2    7.10219    3246.0   -1.533   4.271   0.542   -0.0013       6.449   0.9983    0.0    0.0    0.4585   0.0    
  0.2    7.115278   3247.0   -1.542   4.28    0.536   -0.0017       6.453   1.0123    0.0    0.0    0.4585   0.0    
  0.2    7.121826   3248.0   -1.546   4.285   0.533   -0.0022       6.455   1.0193    0.0    0.0    0.4586   0.0    
  0.2    7.134923   3249.0   -1.555   4.294   0.527   -0.0026       6.46    1.0333    0.0    0.0    0.4586   0.0    
  0.2    7.141472   3249.0   -1.56    4.299   0.525   -0.0031       6.462   1.0403    0.0    0.0    0.4586   0.0    
  0.2    7.154579   3250.0   -1.568   4.308   0.519   -0.0039       6.466   1.0543    0.0    0.0    0.4587   0.0    
  0.2    7.161134   3251.0   -1.573   4.313   0.516   -0.0044       6.469   1.0613    0.0    0.0    0.4587   0.0    
  0.2    7.174246   3252.0   -1.582   4.322   0.511   -0.0057       6.473   1.0753    0.0    0.0    0.4587   0.0    
  0.2    7.180802   3252.0   -1.586   4.327   0.508   -0.0066       6.475   1.0823    0.0    0.0    0.4588   0.0    
  0.2    7.193912   3253.0   -1.595   4.336   0.502   -0.0083       6.48    1.0963    0.0    0.0    0.4588   0.0    
  0.2    7.200467   3254.0   -1.599   4.341   0.5     -0.0097       6.482   1.1033    0.0    0.0    0.4588   0.0    
  0.2    7.213571   3255.0   -1.608   4.35    0.494   -0.0123       6.486   1.1173    0.0    0.0    0.4589   0.0    
  0.2    7.220019   3255.0   -1.612   4.355   0.492   -0.0141       6.489   1.1242    0.0    0.0    0.4589   0.0    
  0.2    7.230812   3256.0   -1.619   4.363   0.488   -0.0173       6.492   1.1358    0.0    0.0    0.4589   0.0    
  0.2    7.239657   3257.0   -1.625   4.369   0.484   -0.0205       6.495   1.1453    0.0    0.0    0.459    0.0    
  0.2    7.250527   3258.0   -1.632   4.377   0.48    -0.0255       6.499   1.1569    0.0    0.0    0.459    0.0    
  0.2    7.259451   3259.0   -1.638   4.383   0.476   -0.0306       6.502   1.1665    0.0    0.0    0.459    0.0    
  0.2    7.269319   3260.0   -1.645   4.39    0.472   -0.0372       6.505   1.1771    0.0    0.0    0.459    0.0    
  0.2    7.279441   3261.0   -1.652   4.397   0.468   -0.0453       6.509   1.188     0.0    0.0    0.4591   0.0    
  0.2    7.289411   3262.0   -1.658   4.404   0.465   -0.055        6.512   1.1988    0.0    0.0    0.4591   0.0    
  0.2    7.299017   3263.0   -1.665   4.411   0.461   -0.0665       6.516   1.2091    0.0    0.0    0.4591   0.0    
  0.2    7.309198   3264.0   -1.671   4.419   0.457   -0.0809       6.519   1.2201    0.0    0.0    0.4591   0.0    
  0.2    7.319406   3265.0   -1.678   4.426   0.453   -0.0991       6.523   1.2311    0.0    0.0    0.4592   0.0    
  0.2    7.329337   3266.0   -1.684   4.433   0.45    -0.1203       6.526   1.2417    0.0    0.0    0.4592   0.0    
  0.2    7.339416   3268.0   -1.691   4.44    0.446   -0.1469       6.529   1.2526    0.0    0.0    0.4592   0.0    
  0.2    7.349299   3269.0   -1.697   4.447   0.442   -0.1785       6.533   1.2632    0.0    0.0    0.4592   0.0    
  0.2    7.359196   3270.0   -1.704   4.454   0.439   -0.2161       6.536   1.2739    0.0    0.0    0.4592   0.0    
  0.2    7.369166   3272.0   -1.71    4.462   0.435   -0.2628       6.54    1.2847    0.0    0.0    0.4593   0.0    
  0.2    7.379175   3273.0   -1.717   4.469   0.431   -0.3197       6.543   1.2954    0.0    0.0    0.4593   0.0    
  0.2    7.389159   3274.0   -1.723   4.476   0.428   -0.3883       6.546   1.3062    0.0    0.0    0.4593   0.0    
  0.2    7.399047   3276.0   -1.729   4.483   0.424   -0.4698       6.55    1.3169    0.0    0.0    0.4593   0.0    
  0.2    7.409077   3278.0   -1.736   4.49    0.421   -0.5702       6.553   1.3277    0.0    0.0    0.4593   0.0    
  0.2    7.419048   3279.0   -1.742   4.497   0.417   -0.6925       6.557   1.3385    0.0    0.0    0.4594   0.0    
  0.2    7.429035   3280.0   -1.749   4.505   0.414   -0.8386       6.56    1.3493    0.0    0.0    0.4594   0.0    
  0.2    7.439033   3280.0   -1.756   4.512   0.411   -1.0173       6.564   1.3601    0.0    0.0    0.4594   0.0    
  0.2    7.448992   3280.0   -1.763   4.519   0.407   -1.2321       6.567   1.3708    0.0    0.0    0.4594   0.0    
  0.2    7.458978   3279.0   -1.771   4.526   0.404   -1.4921       6.57    1.3815    0.0    0.0    0.4594   0.0    
  0.2    7.468972   3279.0   -1.778   4.533   0.401   -1.8069       6.574   1.3922    0.0    0.0    0.4594   0.0    
  0.2    7.47897    3279.0   -1.785   4.54    0.397   -2.1844       6.577   1.4029    0.0    0.0    0.4594   0.0    
  0.2    7.488995   3279.0   -1.792   4.547   0.394   -2.6421       6.58    1.4136    0.0    0.0    0.4595   0.0    
  0.2    7.498987   3279.0   -1.799   4.555   0.391   -3.1911       6.584   1.4242    0.0    0.0    0.4595   0.0    
  0.2    7.508977   3279.0   -1.806   4.562   0.388   -3.8508       6.587   1.4348    0.0    0.0    0.4595   0.0    
  0.2    7.519991   3279.0   -1.814   4.569   0.384   -4.3893       6.591   1.4465    0.0    0.0    0.4595   0.0    
  0.2    7.529577   3279.0   -1.821   4.576   0.381   -4.618        6.594   1.4566    0.0    0.0    0.4595   0.0    
  0.2    7.542706   3279.0   -1.83    4.585   0.377   -4.8416       6.598   1.4704    0.0    0.0    0.4595   0.0    
  0.2    7.555454   3280.0   -1.839   4.594   0.373   -5.0195       6.602   1.4838    0.0    0.0    0.4595   0.0    
  0.2    7.562118   3280.0   -1.843   4.599   0.371   -5.1129       6.605   1.4908    0.0    0.0    0.4595   0.0    
  0.2    7.575474   3280.0   -1.852   4.608   0.367   -5.301        6.609   1.5047    0.0    0.0    0.4595   0.0    
  0.2    7.582163   3280.0   -1.857   4.613   0.366   -5.3969       6.611   1.5117    0.0    0.0    0.4595   0.0    
  0.2    7.595558   3280.0   -1.866   4.622   0.362   -5.5986       6.615   1.5256    0.0    0.0    0.4595   0.0    
  0.2    7.602261   3280.0   -1.871   4.627   0.36    -5.7033       6.618   1.5326    0.0    0.0    0.4595   0.0    
  0.2    7.615681   3280.0   -1.88    4.636   0.356   -5.9245       6.622   1.5465    0.0    0.0    0.4595   0.0    
  0.2    7.622397   3280.0   -1.885   4.641   0.354   -6.0395       6.624   1.5534    0.0    0.0    0.4595   0.0    
  0.2    7.629118   3280.0   -1.889   4.645   0.352   -6.1574       6.626   1.5604    0.0    0.0    0.4595   0.0    
  0.2    7.642569   3280.0   -1.898   4.655   0.348   -6.4034       6.63    1.5742    0.0    0.0    0.4595   0.0    
  0.2    7.649302   3280.0   -1.903   4.659   0.346   -6.5317       6.633   1.5812    0.0    0.0    0.4595   0.0    
  0.2    7.66278    3280.0   -1.912   4.668   0.343   -6.7986       6.637   1.595     0.0    0.0    0.4595   0.0    
  0.2    7.669524   3280.0   -1.917   4.673   0.341   -6.9355       6.639   1.6019    0.0    0.0    0.4595   0.0    
  0.2    7.683027   3280.0   -1.926   4.682   0.337   -7.2197       6.643   1.6157    0.0    0.0    0.4595   0.0    
  0.2    7.689786   3280.0   -1.931   4.687   0.336   -7.3665       6.645   1.6226    0.0    0.0    0.4595   0.0    
  0.2    7.70332    3280.0   -1.94    4.696   0.332   -7.6676       6.65    1.6364    0.0    0.0    0.4595   0.0    
  0.2    7.710095   3280.0   -1.945   4.701   0.33    -7.8239       6.652   1.6433    0.0    0.0    0.4596   0.0    
  0.2    7.723662   3280.0   -1.954   4.71    0.327   -8.1331       6.656   1.6571    0.0    0.0    0.4596   0.0    
  0.2    7.730454   3280.0   -1.959   4.715   0.325   -8.2874       6.658   1.664     0.0    0.0    0.4596   0.0    
  0.2    7.74406    3280.0   -1.968   4.724   0.322   -8.58         6.662   1.6777    0.0    0.0    0.4596   0.0    
  0.2    7.750872   3280.0   -1.973   4.729   0.32    -8.7122       6.664   1.6846    0.0    0.0    0.4596   0.0    
  0.2    7.764513   3279.0   -1.982   4.738   0.317   -8.9355       6.669   1.6983    0.0    0.0    0.4596   0.0    
  0.2    7.771343   3279.0   -1.987   4.742   0.315   -9.0283       6.671   1.7051    0.0    0.0    0.4596   0.0    
  0.2    7.785026   3279.0   -1.996   4.752   0.312   -9.1858       6.675   1.7188    0.0    0.0    0.4596   0.0    
  0.2    7.791881   3279.0   -2.001   4.756   0.31    -9.2534       6.677   1.7256    0.0    0.0    0.4596   0.0    
  0.2    7.805616   3278.0   -2.01    4.765   0.307   -9.3726       6.681   1.7393    0.0    0.0    0.4597   0.0    
  0.2    7.812499   3278.0   -2.015   4.77    0.305   -9.426        6.683   1.7461    0.0    0.0    0.4597   0.0    
  0.2    7.819393   3278.0   -2.02    4.775   0.303   -9.4763       6.685   1.7529    0.0    0.0    0.4597   0.0    
  0.2    7.833219   3277.0   -2.029   4.784   0.3     -9.567        6.689   1.7666    0.0    0.0    0.4597   0.0    
  0.2    7.840151   3277.0   -2.034   4.788   0.299   -9.6091       6.691   1.7734    0.0    0.0    0.4597   0.0    
  0.2    7.85406    3277.0   -2.043   4.797   0.296   -9.684        6.695   1.787     0.0    0.0    0.4597   0.0    
  0.2    7.861039   3276.0   -2.048   4.802   0.294   -9.7167       6.697   1.7938    0.0    0.0    0.4597   0.0    
  0.2    7.875053   3276.0   -2.057   4.811   0.291   -9.7773       6.702   1.8074    0.0    0.0    0.4598   0.0    
  0.2    7.882087   3276.0   -2.062   4.816   0.289   -9.8013       6.704   1.8142    0.0    0.0    0.4598   0.0    
  0.2    7.88914    3276.0   -2.067   4.82    0.288   -9.8239       6.706   1.821     0.0    0.0    0.4598   0.0    
  0.2    7.903309   3275.0   -2.076   4.829   0.285   -9.8665       6.71    1.8346    0.0    0.0    0.4598   0.0    
  0.2    7.910431   3275.0   -2.081   4.834   0.283   -9.8827       6.712   1.8414    0.0    0.0    0.4598   0.0    
  0.2    7.924752   3274.0   -2.09    4.843   0.28    -9.9101       6.716   1.855     0.0    0.0    0.4598   0.0    
  0.2    7.931953   3274.0   -2.095   4.848   0.279   -9.9245       6.718   1.8618    0.0    0.0    0.4598   0.0    
  0.2    7.939184   3274.0   -2.1     4.852   0.277   -9.9318       6.72    1.8686    0.0    0.0    0.4598   0.0    
  0.2    7.953737   3273.0   -2.109   4.861   0.275   -9.9508       6.724   1.8822    0.0    0.0    0.4598   0.0    
  0.2    7.961062   3273.0   -2.114   4.866   0.273   -9.9586       6.726   1.889     0.0    0.0    0.4599   0.0    
  0.2    7.975814   3273.0   -2.123   4.875   0.27    -9.9706       6.73    1.9026    0.0    0.0    0.4599   0.0    
  0.2    7.983246   3273.0   -2.128   4.88    0.269   -9.9747       6.732   1.9094    0.0    0.0    0.4599   0.0    
  0.2    7.990719   3272.0   -2.132   4.884   0.267   -9.9747       6.734   1.9162    0.0    0.0    0.4599   0.0    
  0.2    8.005798   3272.0   -2.142   4.893   0.265   -9.983        6.738   1.9298    0.0    0.0    0.4599   0.0    
  0.2    8.013406   3272.0   -2.146   4.898   0.263   -9.983        6.74    1.9366    0.0    0.0    0.4599   0.0    
  0.2    8.021069   3271.0   -2.151   4.902   0.262   -9.983        6.742   1.9433    0.0    0.0    0.4599   0.0    
  0.2    8.036565   3271.0   -2.16    4.911   0.259   -9.9872       6.746   1.9569    0.0    0.0    0.4599   0.0    
  0.2    8.044403   3271.0   -2.165   4.916   0.258   -9.9872       6.748   1.9637    0.0    0.0    0.46     0.0    
  0.2    8.052313   3271.0   -2.17    4.92    0.257   -9.9872       6.75    1.9704    0.0    0.0    0.46     0.0    
  0.2    8.060294   3270.0   -2.174   4.925   0.255   -9.9872       6.752   1.9772    0.0    0.0    0.46     0.0    
  0.2    8.076498   3270.0   -2.183   4.934   0.253   -9.9914       6.756   1.9907    0.0    0.0    0.46     0.0    
  0.2    8.08473    3270.0   -2.188   4.938   0.251   -9.9914       6.758   1.9975    0.0    0.0    0.46     0.0    
  0.2    8.093057   3269.0   -2.193   4.943   0.25    -9.9914       6.76    2.0042    0.0    0.0    0.46     0.0    
  0.2    8.101489   3269.0   -2.197   4.947   0.249   -9.9957       6.762   2.0109    0.0    0.0    0.46     0.0    
  0.2    8.11003    3269.0   -2.202   4.952   0.247   -9.9957       6.764   2.0177    0.0    0.0    0.46     0.0    
  0.2    8.127477   3269.0   -2.211   4.961   0.245   -9.9957       6.768   2.0311    0.0    0.0    0.46     0.0    
  0.2    8.136407   3269.0   -2.216   4.965   0.244   -9.9957       6.769   2.0378    0.0    0.0    0.46     0.0    
  0.2    8.145492   3268.0   -2.22    4.97    0.242   -9.9957       6.771   2.0445    0.0    0.0    0.46     0.0    
  0.2    8.154743   3268.0   -2.225   4.974   0.241   -9.9957       6.773   2.0512    0.0    0.0    0.4601   0.0    
  0.2    8.16418    3268.0   -2.229   4.979   0.24    -9.9914       6.775   2.0579    0.0    0.0    0.4601   0.0    
  0.2    8.173821   3268.0   -2.234   4.983   0.239   -9.9872       6.777   2.0645    0.0    0.0    0.4601   0.0    
  0.2    8.183688   3268.0   -2.238   4.988   0.237   -9.983        6.779   2.0712    0.0    0.0    0.4601   0.0    
  0.2    8.193803   3267.0   -2.243   4.992   0.236   -9.9788       6.781   2.0778    0.0    0.0    0.4601   0.0    
  0.2    8.204199   3267.0   -2.247   4.996   0.235   -9.9706       6.783   2.0844    0.0    0.0    0.4601   0.0    
  0.2    8.214907   3267.0   -2.252   5.001   0.234   -9.9626       6.785   2.0909    0.0    0.0    0.4601   0.0    
  0.2    8.225965   3267.0   -2.256   5.005   0.233   -9.9508       6.787   2.0975    0.0    0.0    0.4601   0.0    
  0.2    8.237426   3266.0   -2.261   5.01    0.231   -9.9355       6.789   2.104     0.0    0.0    0.4601   0.0    
  0.2    8.249348   3266.0   -2.266   5.014   0.23    -9.9136       6.79    2.1105    0.0    0.0    0.4601   0.0    
  0.2    8.261253   3265.0   -2.27    5.018   0.229   -9.8928       6.792   2.1167    0.0    0.0    0.4601   0.0    
  0.2    8.273011   3265.0   -2.274   5.022   0.228   -9.8633       6.794   2.1225    0.0    0.0    0.4601   0.0    
  0.2    8.284616   3265.0   -2.278   5.025   0.227   -9.8297       6.795   2.1279    0.0    0.0    0.4601   0.0    
  0.2    8.296064   3264.0   -2.281   5.029   0.226   -9.7932       6.797   2.133     0.0    0.0    0.4601   0.0    
  0.2    8.307351   3264.0   -2.285   5.032   0.226   -9.7471       6.798   2.1378    0.0    0.0    0.4601   0.0    
  0.2    8.318477   3264.0   -2.288   5.035   0.225   -9.7011       6.8     2.1422    0.0    0.0    0.4601   0.0    
  0.2    8.329439   3263.0   -2.291   5.038   0.224   -9.6498       6.801   2.1463    0.0    0.0    0.4601   0.0    
  0.2    8.340232   3263.0   -2.293   5.04    0.223   -9.5952       6.802   2.1501    0.0    0.0    0.4601   0.0    
  0.2    8.35086    3263.0   -2.296   5.043   0.223   -9.5376       6.803   2.1536    0.0    0.0    0.4602   0.0    
  0.2    8.36132    3263.0   -2.298   5.045   0.222   -9.4802       6.804   2.1569    0.0    0.0    0.4602   0.0    
  0.2    8.371613   3262.0   -2.3     5.047   0.222   -9.4248       6.805   2.1599    0.0    0.0    0.4602   0.0    
  0.2    8.381736   3262.0   -2.302   5.048   0.221   -9.3737       6.805   2.1626    0.0    0.0    0.4602   0.0    
  0.2    8.391695   3262.0   -2.304   5.05    0.221   -9.327        6.806   2.1651    0.0    0.0    0.4602   0.0    
  0.2    8.401487   3262.0   -2.305   5.052   0.221   -9.2832       6.807   2.1674    0.0    0.0    0.4602   0.0    
  0.2    8.411116   3262.0   -2.307   5.053   0.22    -9.2441       6.807   2.1695    0.0    0.0    0.4602   0.0    
  0.2    8.420583   3262.0   -2.308   5.054   0.22    -9.2083       6.808   2.1714    0.0    0.0    0.4602   0.0    
  0.2    8.429889   3262.0   -2.31    5.056   0.22    -9.1759       6.808   2.1732    0.0    0.0    0.4602   0.0    
  0.2    8.439039   3261.0   -2.311   5.057   0.219   -9.1469       6.809   2.1748    0.0    0.0    0.4602   0.0    
  0.2    8.448032   3261.0   -2.312   5.058   0.219   -9.1203       6.809   2.1762    0.0    0.0    0.4602   0.0    
  0.2    8.458585   3261.0   -2.313   5.059   0.219   -9.0757       6.81    2.1778    0.0    0.0    0.4602   0.0    
  0.2    8.470919   3261.0   -2.314   5.06    0.219   -9.0164       6.81    2.1794    0.0    0.0    0.4602   0.0    
  0.2    8.485271   3261.0   -2.315   5.061   0.218   -8.9508       6.811   2.1811    0.0    0.0    0.4602   0.0    
  0.2    8.501891   3261.0   -2.316   5.062   0.218   -8.8794       6.811   2.1827    0.0    0.0    0.4602   0.0    
  0.2    8.521029   3261.0   -2.317   5.063   0.218   -8.8041       6.812   2.1842    0.0    0.0    0.4602   0.0    
  0.2    8.542936   3261.0   -2.318   5.064   0.217   -8.7282       6.812   2.1856    0.0    0.0    0.4602   0.0    
  0.2    8.567842   3261.0   -2.319   5.065   0.217   -8.6517       6.812   2.1868    0.0    0.0    0.4602   0.0    
  0.2    8.59596    3260.0   -2.32    5.065   0.217   -8.5735       6.813   2.1878    0.0    0.0    0.4602   0.0    
  0.2    8.627461   3260.0   -2.32    5.066   0.217   -8.4976       6.813   2.1886    0.0    0.0    0.4602   0.0    
  0.2    8.658756   3260.0   -2.321   5.066   0.217   -8.4413       6.813   2.1891    0.0    0.0    0.4602   0.0    
  0.2    8.687947   3260.0   -2.321   5.066   0.217   -8.4056       6.813   2.1894    0.0    0.0    0.4602   0.0    
  0.2    8.715299   3260.0   -2.321   5.066   0.217   -8.382        6.813   2.1896    0.0    0.0    0.4602   0.0    
  0.2    8.741029   3260.0   -2.321   5.066   0.217   -8.3645       6.813   2.1897    0.0    0.0    0.4602   0.0    
  0.2    8.765321   3260.0   -2.321   5.067   0.217   -8.3516       6.813   2.1898    0.0    0.0    0.4602   0.0    
  0.2    8.788325   3260.0   -2.321   5.067   0.217   -8.3401       6.813   2.1898    0.0    0.0    0.4602   0.0    
  0.2    8.810172   3260.0   -2.321   5.067   0.217   -8.3307       6.813   2.1898    0.0    0.0    0.4602   0.0    
  0.2    8.830972   3260.0   -2.321   5.067   0.217   -8.3224       6.813   2.1899    0.0    0.0    0.4602   0.0    
  0.2    8.850821   3260.0   -2.321   5.067   0.217   -8.3152       6.813   2.1899    0.0    0.0    0.4602   0.0    
  0.2    8.869803   3260.0   -2.321   5.067   0.217   -8.308        6.813   2.1898    0.0    0.0    0.4602   0.0    
  0.2    8.88799    3260.0   -2.321   5.067   0.217   -8.3019       6.813   2.1898    0.0    0.0    0.4602   0.0    
  0.2    8.905445   3260.0   -2.321   5.067   0.217   -8.2958       6.813   2.1898    0.0    0.0    0.4602   0.0    
  0.2    8.922226   3260.0   -2.321   5.067   0.217   -8.2899       6.813   2.1898    0.0    0.0    0.4602   0.0    
  0.2    8.938383   3260.0   -2.321   5.067   0.217   -8.284        6.813   2.1898    0.0    0.0    0.4602   0.0    
  0.2    8.95396    3260.0   -2.321   5.067   0.217   -8.279        6.813   2.1898    0.0    0.0    0.4602   0.0    
  0.2    8.968998   3261.0   -2.321   5.067   0.217   -8.2741       6.813   2.1898    0.0    0.0    0.4602   0.0    
  0.2    8.983532   3261.0   -2.321   5.067   0.217   -8.2692       6.813   2.1898    0.0    0.0    0.4602   0.0    
  0.2    8.997596   3261.0   -2.321   5.067   0.217   -8.2644       6.813   2.1897    0.0    0.0    0.4602   0.0    
  0.2    9.011219   3261.0   -2.321   5.067   0.217   -8.2596       6.813   2.1897    0.0    0.0    0.4602   0.0    
  0.2    9.024424   3261.0   -2.321   5.066   0.217   -8.2549       6.813   2.1897    0.0    0.0    0.4602   0.0    
  0.2    9.037243   3261.0   -2.321   5.066   0.217   -8.251        6.813   2.1897    0.0    0.0    0.4602   0.0    
  0.2    9.049695   3261.0   -2.321   5.066   0.217   -8.2464       6.813   2.1897    0.0    0.0    0.4602   0.0    
  0.2    9.061799   3261.0   -2.321   5.066   0.217   -8.2426       6.813   2.1897    0.0    0.0    0.4602   0.0    
  0.2    9.073575   3261.0   -2.321   5.066   0.217   -8.2388       6.813   2.1896    0.0    0.0    0.4602   0.0    
  0.2    9.085041   3261.0   -2.321   5.066   0.217   -8.2343       6.813   2.1896    0.0    0.0    0.4602   0.0    
  0.2    9.096208   3261.0   -2.321   5.066   0.217   -8.2306       6.813   2.1896    0.0    0.0    0.4602   0.0    
  0.2    9.107098   3261.0   -2.321   5.066   0.217   -8.2269       6.813   2.1896    0.0    0.0    0.4602   0.0    
  0.2    9.117722   3261.0   -2.321   5.066   0.217   -8.2233       6.813   2.1896    0.0    0.0    0.4602   0.0    
  0.2    9.128092   3261.0   -2.321   5.066   0.217   -8.2204       6.813   2.1895    0.0    0.0    0.4602   0.0    
  0.2    9.138221   3261.0   -2.321   5.066   0.217   -8.2168       6.813   2.1895    0.0    0.0    0.4602   0.0    
  0.2    9.148115   3261.0   -2.321   5.066   0.217   -8.2132       6.813   2.1895    0.0    0.0    0.4602   0.0    
  0.2    9.157792   3261.0   -2.321   5.066   0.217   -8.2097       6.813   2.1895    0.0    0.0    0.4602   0.0    
  0.2    9.167258   3261.0   -2.321   5.066   0.217   -8.2069       6.813   2.1894    0.0    0.0    0.4602   0.0    
  0.2    9.176522   3261.0   -2.321   5.066   0.217   -8.2034       6.813   2.1894    0.0    0.0    0.4602   0.0    
  0.2    9.185593   3261.0   -2.321   5.066   0.217   -8.2007       6.813   2.1894    0.0    0.0    0.4602   0.0    
  0.2    9.194475   3261.0   -2.321   5.066   0.217   -8.1972       6.813   2.1894    0.0    0.0    0.4602   0.0    
  0.2    9.203183   3261.0   -2.321   5.066   0.217   -8.1945       6.813   2.1893    0.0    0.0    0.4602   0.0    
  0.2    9.211718   3261.0   -2.321   5.066   0.217   -8.1911       6.813   2.1893    0.0    0.0    0.4602   0.0    
  0.2    9.22009    3261.0   -2.321   5.066   0.217   -8.1884       6.813   2.1893    0.0    0.0    0.4602   0.0    
  0.2    9.228303   3261.0   -2.321   5.066   0.217   -8.1858       6.813   2.1893    0.0    0.0    0.4602   0.0    
  0.2    9.236361   3261.0   -2.321   5.066   0.217   -8.1824       6.813   2.1892    0.0    0.0    0.4602   0.0    
  0.2    9.244275   3261.0   -2.321   5.066   0.217   -8.1798       6.813   2.1892    0.0    0.0    0.4602   0.0    
  0.2    9.252047   3261.0   -2.32    5.066   0.217   -8.1772       6.813   2.1892    0.0    0.0    0.4602   0.0    
  0.2    9.259682   3261.0   -2.32    5.066   0.217   -8.1746       6.813   2.1892    0.0    0.0    0.4602   0.0    
  0.2    9.267186   3261.0   -2.32    5.066   0.217   -8.172        6.813   2.1891    0.0    0.0    0.4602   0.0    
  0.2    9.274562   3261.0   -2.32    5.066   0.217   -8.1694       6.813   2.1891    0.0    0.0    0.4602   0.0    
  0.2    9.281813   3261.0   -2.32    5.066   0.217   -8.1669       6.813   2.1891    0.0    0.0    0.4602   0.0    
  0.2    9.288946   3261.0   -2.32    5.066   0.217   -8.1643       6.813   2.189     0.0    0.0    0.4602   0.0    
  0.2    9.295965   3261.0   -2.32    5.066   0.217   -8.1618       6.813   2.189     0.0    0.0    0.4602   0.0    
  0.2    9.302872   3261.0   -2.32    5.066   0.217   -8.1593       6.813   2.189     0.0    0.0    0.4602   0.0    
  0.2    9.309671   3261.0   -2.32    5.066   0.217   -8.1568       6.813   2.1889    0.0    0.0    0.4602   0.0    
  0.2    9.316363   3261.0   -2.32    5.066   0.217   -8.1543       6.813   2.1889    0.0    0.0    0.4602   0.0    
  0.2    9.322955   3261.0   -2.32    5.066   0.217   -8.1524       6.813   2.1889    0.0    0.0    0.4602   0.0    
  0.2    9.329449   3261.0   -2.32    5.066   0.217   -8.15         6.813   2.1888    0.0    0.0    0.4602   0.0    
  0.2    9.335847   3261.0   -2.32    5.066   0.217   -8.1475       6.813   2.1888    0.0    0.0    0.4602   0.0    
  0.2    9.342152   3261.0   -2.32    5.066   0.217   -8.1457       6.813   2.1888    0.0    0.0    0.4602   0.0    
  0.2    9.348365   3261.0   -2.32    5.066   0.217   -8.1433       6.813   2.1887    0.0    0.0    0.4602   0.0    
  0.2    9.354493   3261.0   -2.32    5.066   0.217   -8.1409       6.813   2.1887    0.0    0.0    0.4602   0.0    
  0.2    9.360535   3261.0   -2.32    5.066   0.217   -8.1391       6.813   2.1887    0.0    0.0    0.4602   0.0    
  0.2    9.366494   3261.0   -2.32    5.066   0.217   -8.1367       6.813   2.1886    0.0    0.0    0.4602   0.0    
  0.2    9.372372   3261.0   -2.32    5.066   0.217   -8.1343       6.813   2.1886    0.0    0.0    0.4602   0.0    
  0.2    9.378171   3261.0   -2.32    5.066   0.217   -8.1325       6.813   2.1886    0.0    0.0    0.4602   0.0    
  0.2    9.383894   3261.0   -2.32    5.066   0.217   -8.1302       6.813   2.1885    0.0    0.0    0.4602   0.0    
  0.2    9.389543   3261.0   -2.32    5.066   0.217   -8.1284       6.813   2.1885    0.0    0.0    0.4602   0.0    
  0.2    9.39512    3261.0   -2.32    5.066   0.217   -8.1267       6.813   2.1884    0.0    0.0    0.4602   0.0    
  0.2    9.400626   3261.0   -2.32    5.066   0.217   -8.1244       6.813   2.1884    0.0    0.0    0.4602   0.0    
  0.2    9.406061   3261.0   -2.32    5.066   0.217   -8.1226       6.813   2.1884    0.0    0.0    0.4602   0.0    
  0.2    9.411431   3261.0   -2.32    5.066   0.217   -8.1203       6.813   2.1883    0.0    0.0    0.4602   0.0    
  0.2    9.416735   3261.0   -2.32    5.066   0.217   -8.1186       6.813   2.1883    0.0    0.0    0.4602   0.0    
  0.2    9.421976   3261.0   -2.32    5.066   0.217   -8.1169       6.813   2.1882    0.0    0.0    0.4602   0.0    
  0.2    9.427153   3261.0   -2.32    5.065   0.217   -8.1146       6.813   2.1882    0.0    0.0    0.4602   0.0    
  0.2    9.43227    3261.0   -2.32    5.065   0.217   -8.1129       6.813   2.1882    0.0    0.0    0.4602   0.0    
  0.2    9.437326   3261.0   -2.32    5.065   0.217   -8.1113       6.813   2.1881    0.0    0.0    0.4602   0.0    
  0.2    9.442325   3261.0   -2.32    5.065   0.217   -8.1096       6.813   2.1881    0.0    0.0    0.4602   0.0    
  0.2    9.447267   3261.0   -2.32    5.065   0.217   -8.1073       6.813   2.188     0.0    0.0    0.4602   0.0    
  0.2    9.452153   3261.0   -2.319   5.065   0.217   -8.1057       6.813   2.188     0.0    0.0    0.4602   0.0    
  0.2    9.456985   3261.0   -2.319   5.065   0.217   -8.104        6.813   2.1879    0.0    0.0    0.4602   0.0    
  0.2    9.461763   3261.0   -2.319   5.065   0.217   -8.1024       6.813   2.1879    0.0    0.0    0.4602   0.0    
  0.2    9.466489   3261.0   -2.319   5.065   0.217   -8.1007       6.813   2.1879    0.0    0.0    0.4602   0.0    
  0.2    9.471166   3261.0   -2.319   5.065   0.217   -8.0991       6.813   2.1878    0.0    0.0    0.4602   0.0    
  0.2    9.475792   3261.0   -2.319   5.065   0.217   -8.0975       6.813   2.1878    0.0    0.0    0.4602   0.0    
  0.2    9.480369   3261.0   -2.319   5.065   0.217   -8.0958       6.813   2.1877    0.0    0.0    0.4602   0.0    
  0.2    9.484897   3261.0   -2.319   5.065   0.217   -8.0942       6.813   2.1877    0.0    0.0    0.4602   0.0    
  0.2    9.48938    3261.0   -2.319   5.065   0.217   -8.0926       6.813   2.1876    0.0    0.0    0.4602   0.0    
  0.2    9.493818   3261.0   -2.319   5.065   0.217   -8.091        6.813   2.1876    0.0    0.0    0.4602   0.0    
  0.2    9.49821    3261.0   -2.319   5.065   0.217   -8.0894       6.813   2.1875    0.0    0.0    0.4602   0.0    
  0.2    9.502558   3261.0   -2.319   5.065   0.217   -8.0878       6.813   2.1875    0.0    0.0    0.4602   0.0    
  0.2    9.506862   3261.0   -2.319   5.065   0.217   -8.0862       6.813   2.1874    0.0    0.0    0.4602   0.0    
  0.2    9.511125   3261.0   -2.319   5.065   0.217   -8.0846       6.813   2.1874    0.0    0.0    0.4602   0.0    
  0.2    9.515347   3261.0   -2.319   5.065   0.217   -8.083        6.813   2.1873    0.0    0.0    0.4602   0.0    
  0.2    9.519527   3261.0   -2.319   5.065   0.217   -8.0814       6.813   2.1873    0.0    0.0    0.4602   0.0    
  0.2    9.523668   3261.0   -2.319   5.065   0.217   -8.0799       6.813   2.1872    0.0    0.0    0.4602   0.0    
  0.2    9.52777    3261.0   -2.319   5.065   0.217   -8.0783       6.813   2.1872    0.0    0.0    0.4602   0.0    
  0.2    9.531833   3262.0   -2.319   5.065   0.217   -8.0773       6.813   2.1871    0.0    0.0    0.4602   0.0    
  0.2    9.535858   3262.0   -2.319   5.065   0.217   -8.0757       6.813   2.1871    0.0    0.0    0.4602   0.0    
  0.2    9.539847   3262.0   -2.319   5.065   0.217   -8.0742       6.813   2.187     0.0    0.0    0.4602   0.0    
  0.2    9.5438     3262.0   -2.319   5.065   0.217   -8.0726       6.813   2.187     0.0    0.0    0.4602   0.0    
  0.2    9.547717   3262.0   -2.319   5.065   0.217   -8.0716       6.813   2.1869    0.0    0.0    0.4602   0.0    
  0.2    9.551598   3262.0   -2.319   5.065   0.217   -8.0701       6.813   2.1869    0.0    0.0    0.4602   0.0    
  0.2    9.555445   3262.0   -2.319   5.065   0.217   -8.0685       6.813   2.1868    0.0    0.0    0.4602   0.0    
  0.2    9.559259   3262.0   -2.318   5.065   0.217   -8.067        6.813   2.1868    0.0    0.0    0.4602   0.0    
  0.2    9.563039   3262.0   -2.318   5.064   0.217   -8.066        6.813   2.1867    0.0    0.0    0.4602   0.0    
  0.2    9.566787   3262.0   -2.318   5.064   0.217   -8.0645       6.813   2.1867    0.0    0.0    0.4602   0.0    
  0.2    9.570502   3262.0   -2.318   5.064   0.217   -8.063        6.813   2.1866    0.0    0.0    0.4602   0.0    
  0.2    9.574186   3262.0   -2.318   5.064   0.217   -8.062        6.813   2.1866    0.0    0.0    0.4602   0.0    
  0.2    9.581463   3262.0   -2.318   5.064   0.217   -8.059        6.813   2.1864    0.0    0.0    0.4602   0.0    
  0.2    9.592152   3262.0   -2.318   5.064   0.217   -8.0555       6.813   2.1863    0.0    0.0    0.4602   0.0    
  0.2    9.599136   3262.0   -2.318   5.064   0.217   -8.0531       6.813   2.1862    0.0    0.0    0.4602   0.0    
  0.2    9.609404   3262.0   -2.318   5.064   0.217   -8.0491       6.813   2.186     0.0    0.0    0.4602   0.0    
  0.2    9.619437   3262.0   -2.318   5.064   0.217   -8.0458       6.813   2.1858    0.0    0.0    0.4602   0.0    
  0.2    9.629241   3262.0   -2.318   5.064   0.217   -8.0424       6.813   2.1856    0.0    0.0    0.4602   0.0    
  0.2    9.64198    3262.0   -2.317   5.064   0.218   -8.0381       6.813   2.1854    0.0    0.0    0.4602   0.0    
  0.2    9.651294   3262.0   -2.317   5.063   0.218   -8.0348       6.813   2.1852    0.0    0.0    0.4602   0.0    
  0.2    9.660413   3262.0   -2.317   5.063   0.218   -8.0315       6.813   2.185     0.0    0.0    0.4602   0.0    
  0.2    9.669345   3262.0   -2.317   5.063   0.218   -8.0283       6.813   2.1848    0.0    0.0    0.4602   0.0    
  0.2    9.680974   3262.0   -2.317   5.063   0.218   -8.0246       6.813   2.1846    0.0    0.0    0.4602   0.0    
  0.2    9.689496   3262.0   -2.317   5.063   0.218   -8.0218       6.813   2.1844    0.0    0.0    0.4602   0.0    
  0.2    9.700606   3262.0   -2.316   5.063   0.218   -8.0182       6.813   2.1841    0.0    0.0    0.4602   0.0    
  0.2    9.711438   3262.0   -2.316   5.063   0.218   -8.0141       6.813   2.1838    0.0    0.0    0.4602   0.0    
  0.2    9.719388   3262.0   -2.316   5.062   0.218   -8.0114       6.813   2.1836    0.0    0.0    0.4602   0.0    
  0.2    9.729766   3262.0   -2.316   5.062   0.218   -8.0083       6.813   2.1833    0.0    0.0    0.4602   0.0    
  0.2    9.739904   3262.0   -2.316   5.062   0.218   -8.0048       6.812   2.1831    0.0    0.0    0.4602   0.0    
  0.2    9.749809   3262.0   -2.315   5.062   0.218   -8.0017       6.812   2.1828    0.0    0.0    0.4602   0.0    
  0.2    9.759493   3263.0   -2.315   5.062   0.218   -8.0          6.812   2.1825    0.0    0.0    0.4602   0.0    
  0.2    9.771303   3263.0   -2.315   5.061   0.218   -7.9957       6.812   2.1821    0.0    0.0    0.4602   0.0    
  0.2    9.780525   3263.0   -2.315   5.061   0.218   -7.9914       6.812   2.1818    0.0    0.0    0.4602   0.0    
  0.2    9.789555   3263.0   -2.314   5.061   0.218   -7.9914       6.812   2.1815    0.0    0.0    0.4602   0.0    
  0.2    9.800585   3263.0   -2.314   5.061   0.218   -7.9872       6.812   2.1812    0.0    0.0    0.4602   0.0    
  0.2    9.809211   3263.0   -2.314   5.061   0.218   -7.983        6.812   2.1809    0.0    0.0    0.4602   0.0    
  0.2    9.819759   3263.0   -2.314   5.06    0.218   -7.9788       6.812   2.1805    0.0    0.0    0.4602   0.0    
  0.2    9.830057   3263.0   -2.313   5.06    0.218   -7.9788       6.812   2.1801    0.0    0.0    0.4601   0.0    
  0.2    9.840116   3263.0   -2.313   5.06    0.218   -7.9747       6.812   2.1797    0.0    0.0    0.4601   0.0    
  0.2    9.849947   3263.0   -2.313   5.06    0.219   -7.9706       6.812   2.1793    0.0    0.0    0.4601   0.0    
  0.2    9.85956    3263.0   -2.312   5.059   0.219   -7.9706       6.812   2.1789    0.0    0.0    0.4601   0.0    
  0.2    9.870823   3263.0   -2.312   5.059   0.219   -7.9666       6.812   2.1784    0.0    0.0    0.4601   0.0    
  0.2    9.87999    3263.0   -2.312   5.059   0.219   -7.9626       6.812   2.178     0.0    0.0    0.4601   0.0    
  0.2    9.890741   3264.0   -2.311   5.058   0.219   -7.9626       6.811   2.1776    0.0    0.0    0.4601   0.0    
  0.2    9.899502   3264.0   -2.311   5.058   0.219   -7.9586       6.811   2.1772    0.0    0.0    0.4601   0.0    
  0.2    9.909786   3264.0   -2.311   5.058   0.219   -7.9547       6.811   2.1767    0.0    0.0    0.4601   0.0    
  0.2    9.919832   3264.0   -2.31    5.057   0.219   -7.9547       6.811   2.1762    0.0    0.0    0.4601   0.0    
  0.2    9.929652   3264.0   -2.31    5.057   0.219   -7.9508       6.811   2.1757    0.0    0.0    0.4601   0.0    
  0.2    9.939254   3264.0   -2.31    5.057   0.219   -7.9469       6.811   2.1752    0.0    0.0    0.4601   0.0    
  0.2    9.950194   3264.0   -2.309   5.056   0.219   -7.9469       6.811   2.1746    0.0    0.0    0.4601   0.0    
  0.2    9.959358   3264.0   -2.309   5.056   0.219   -7.9431       6.811   2.1741    0.0    0.0    0.4601   0.0    
  0.2    9.969809   3264.0   -2.308   5.056   0.219   -7.9431       6.811   2.1736    0.0    0.0    0.4601   0.0    
  0.2    9.980015   3264.0   -2.308   5.055   0.22    -7.9393       6.811   2.173     0.0    0.0    0.4601   0.0    
  0.2    9.989987   3264.0   -2.307   5.055   0.22    -7.9393       6.811   2.1724    0.0    0.0    0.4601   0.0    
  0.2    9.999735   3265.0   -2.307   5.055   0.22    -7.9355       6.81    2.1718    0.0    0.0    0.4601   0.0    
