# Mass   time       Teff     L/Ls    g       R/Rs    Log(Li/Li0)   logTc   logROc    Mrad     Rrad     k2conv     k2rad     
  1.3    5.694626   4596.0   0.688   3.466   3.488   0.0           6.462   -0.5799   0.0      0.0      0.4485     0.0       
  1.3    5.701203   4596.0   0.684   3.471   3.469   0.0           6.465   -0.5728   0.0      0.0      0.4485     0.0       
  1.3    5.714366   4597.0   0.674   3.481   3.431   0.0           6.469   -0.5587   0.0      0.0      0.4486     0.0       
  1.3    5.720957   4597.0   0.67    3.485   3.412   0.0           6.472   -0.5517   0.0      0.0      0.4486     0.0       
  1.3    5.734147   4598.0   0.66    3.495   3.375   0.0           6.476   -0.5376   0.0      0.0      0.4487     0.0       
  1.3    5.740751   4598.0   0.656   3.5     3.356   0.0           6.479   -0.5306   0.0      0.0      0.4487     0.0       
  1.3    5.753972   4599.0   0.646   3.509   3.32    0.0           6.484   -0.5165   0.0      0.0      0.4488     0.0       
  1.3    5.760589   4599.0   0.642   3.514   3.301   0.0           6.486   -0.5095   0.0      0.0      0.4489     0.0       
  1.3    5.773839   4599.0   0.632   3.524   3.265   0.0           6.49    -0.4954   0.0      0.0      0.4489     0.0       
  1.3    5.780471   4600.0   0.628   3.528   3.247   0.0           6.493   -0.4884   0.0      0.0      0.449      0.0       
  1.3    5.793751   4600.0   0.618   3.538   3.212   0.0           6.497   -0.4743   0.0      0.0      0.449      0.0       
  1.3    5.800399   4600.0   0.614   3.543   3.194   0.0           6.5     -0.4673   0.0      0.0      0.4491     0.0       
  1.3    5.813712   4600.0   0.604   3.552   3.16    0.0           6.504   -0.4533   0.0      0.0      0.4492     0.0       
  1.3    5.820381   4600.0   0.599   3.557   3.142   0.0           6.507   -0.4462   0.0      0.0      0.4492     0.0       
  1.3    5.833731   4600.0   0.59    3.567   3.108   0.0           6.511   -0.4322   0.0      0.0      0.4493     0.0       
  1.3    5.840419   4600.0   0.585   3.571   3.091   0.0           6.514   -0.4251   0.0      0.0      0.4493     0.0       
  1.3    5.853813   4601.0   0.576   3.581   3.057   0.0           6.518   -0.4111   0.0      0.0      0.4494     0.0       
  1.3    5.860522   4600.0   0.571   3.586   3.041   0.0           6.521   -0.404    0.0      0.0      0.4494     0.0       
  1.3    5.873962   4600.0   0.561   3.595   3.007   0.0           6.525   -0.39     0.0      0.0      0.4495     0.0       
  1.3    5.880694   4600.0   0.557   3.6     2.991   0.0           6.528   -0.3829   0.0      0.0      0.4495     0.0       
  1.3    5.894183   4600.0   0.547   3.609   2.958   0.0           6.532   -0.3688   0.0      0.0      0.4496     0.0       
  1.3    5.900938   4600.0   0.542   3.614   2.942   0.0           6.535   -0.3618   0.0      0.0      0.4496     0.0       
  1.3    5.914474   4599.0   0.532   3.624   2.91    0.0           6.539   -0.3477   0.0      0.0      0.4497     0.0       
  1.3    5.921254   4599.0   0.528   3.628   2.894   0.0           6.542   -0.3407   0.0      0.0      0.4497     0.0       
  1.3    5.934834   4599.0   0.518   3.638   2.863   -4.0E-4       6.546   -0.3266   0.0      0.0      0.4498     0.0       
  1.3    5.941637   4599.0   0.513   3.643   2.847   -4.0E-4       6.549   -0.3195   0.0      0.0      0.4498     0.0       
  1.3    5.955262   4598.0   0.503   3.652   2.816   -4.0E-4       6.553   -0.3054   0.0021   0.1804   0.4499     0.001594  
  1.3    5.962088   4598.0   0.499   3.657   2.801   -4.0E-4       6.556   -0.2983   0.0027   0.1966   0.4499     0.002004  
  1.3    5.975759   4598.0   0.489   3.667   2.77    -4.0E-4       6.56    -0.2841   0.0087   0.2883   0.45       0.00533   
  1.3    5.982609   4597.0   0.484   3.671   2.755   -4.0E-4       6.562   -0.2769   0.0087   0.2867   0.45       0.00533   
  1.3    5.989462   4597.0   0.479   3.676   2.74    -4.0E-4       6.565   -0.2698   0.0107   0.3058   0.45       0.006345  
  1.3    6.003198   4596.0   0.469   3.686   2.71    -9.0E-4       6.569   -0.2554   0.0186   0.3655   0.45       0.01012   
  1.3    6.010075   4596.0   0.464   3.69    2.695   -9.0E-4       6.571   -0.2481   0.0225   0.3882   0.45       0.0119    
  1.3    6.023857   4595.0   0.455   3.7     2.666   -9.0E-4       6.575   -0.2336   0.0304   0.4255   0.45       0.01532   
  1.3    6.030758   4595.0   0.45    3.705   2.651   -9.0E-4       6.578   -0.2263   0.0347   0.4432   0.4499     0.01715   
  1.3    6.044591   4594.0   0.44    3.714   2.622   -0.0013       6.582   -0.2116   0.039    0.4567   0.4499     0.01894   
  1.3    6.051523   4594.0   0.435   3.719   2.608   -0.0013       6.584   -0.2043   0.0477   0.4871   0.4498     0.02244   
  1.3    6.065408   4593.0   0.425   3.729   2.579   -0.0013       6.588   -0.1895   0.0477   0.4817   0.4498     0.02243   
  1.3    6.072368   4593.0   0.42    3.733   2.565   -0.0017       6.59    -0.182    0.0564   0.508    0.4497     0.02584   
  1.3    6.07934    4592.0   0.415   3.738   2.551   -0.0017       6.592   -0.1746   0.0564   0.5052   0.4497     0.02584   
  1.3    6.09331    4592.0   0.405   3.748   2.523   -0.0022       6.596   -0.1595   0.066    0.5281   0.4495     0.02951   
  1.3    6.100308   4591.0   0.4     3.752   2.509   -0.0022       6.598   -0.152    0.0756   0.5511   0.4493     0.03311   
  1.3    6.114344   4590.0   0.391   3.762   2.482   -0.0026       6.602   -0.1368   0.0851   0.5688   0.4491     0.03664   
  1.3    6.121379   4590.0   0.386   3.767   2.468   -0.0026       6.604   -0.1291   0.0947   0.5877   0.4488     0.04013   
  1.3    6.135486   4589.0   0.376   3.776   2.441   -0.0031       6.608   -0.1137   0.1043   0.6018   0.4485     0.04356   
  1.3    6.142555   4589.0   0.371   3.781   2.428   -0.0031       6.61    -0.106    0.1043   0.5984   0.4485     0.04355   
  1.3    6.149638   4588.0   0.366   3.786   2.414   -0.0035       6.612   -0.0982   0.1139   0.6144   0.4482     0.04694   
  1.3    6.162636   4588.0   0.357   3.795   2.39    -0.0039       6.616   -0.0838   0.1235   0.6263   0.4479     0.05028   
  1.3    6.173361   4587.0   0.349   3.802   2.37    -0.0039       6.619   -0.0719   0.133    0.6383   0.4475     0.05359   
  1.3    6.182509   4586.0   0.343   3.808   2.354   -0.0044       6.621   -0.0617   0.1426   0.6502   0.4471     0.05688   
  1.3    6.190715   4586.0   0.337   3.814   2.339   -0.0048       6.624   -0.0524   0.1426   0.6459   0.4471     0.05685   
  1.3    6.202417   4585.0   0.329   3.821   2.318   -0.0052       6.627   -0.0392   0.1618   0.6708   0.4462     0.06335   
  1.3    6.210364   4585.0   0.324   3.827   2.304   -0.0052       6.629   -0.0302   0.1618   0.6665   0.4462     0.06332   
  1.3    6.221956   4584.0   0.316   3.834   2.283   -0.0057       6.632   -0.0171   0.1714   0.6748   0.4457     0.0665    
  1.3    6.229474   4584.0   0.311   3.839   2.27    -0.0061       6.634   -0.0085   0.181    0.6847   0.4452     0.06968   
  1.3    6.240721   4584.0   0.303   3.847   2.251   -0.0066       6.637   0.0044    0.1905   0.6921   0.4447     0.07282   
  1.3    6.250044   4583.0   0.297   3.853   2.235   -0.007        6.639   0.0152    0.2001   0.6999   0.4442     0.07594   
  1.3    6.259367   4583.0   0.291   3.859   2.219   -0.0074       6.642   0.026     0.2097   0.7073   0.4436     0.07905   
  1.3    6.269015   4582.0   0.284   3.866   2.203   -0.0079       6.644   0.0372    0.2193   0.7141   0.443      0.08213   
  1.3    6.279389   4582.0   0.277   3.872   2.186   -0.0088       6.647   0.0493    0.2289   0.72     0.4423     0.08518   
  1.3    6.289196   4582.0   0.271   3.879   2.17    -0.0092       6.649   0.0609    0.2384   0.7259   0.4417     0.08822   
  1.3    6.300382   4581.0   0.263   3.886   2.151   -0.0097       6.652   0.0741    0.248    0.7306   0.441      0.09122   
  1.3    6.310285   4581.0   0.257   3.892   2.136   -0.0106       6.655   0.0858    0.2576   0.7357   0.4402     0.09422   
  1.3    6.32384    4581.0   0.248   3.901   2.114   -0.0114       6.658   0.102     0.2672   0.7383   0.4395     0.09715   
  1.3    6.330128   4581.0   0.244   3.905   2.104   -0.0119       6.66    0.1095    0.2768   0.7451   0.4387     0.1002    
  1.3    6.344534   4581.0   0.235   3.914   2.082   -0.0128       6.664   0.1268    0.2959   0.7568   0.4371     0.1061    
  1.3    6.3517     4581.0   0.23    3.919   2.071   -0.0132       6.665   0.1355    0.2959   0.7522   0.4371     0.106     
  1.3    6.365952   4581.0   0.221   3.928   2.05    -0.0141       6.669   0.1528    0.3151   0.763    0.4354     0.1119    
  1.3    6.373037   4581.0   0.217   3.932   2.04    -0.0146       6.671   0.1615    0.3247   0.7681   0.4345     0.1148    
  1.3    6.380095   4581.0   0.212   3.937   2.029   -0.015        6.673   0.1701    0.3343   0.7731   0.4336     0.1177    
  1.3    6.394136   4582.0   0.204   3.946   2.009   -0.0164       6.676   0.1875    0.3438   0.7733   0.4326     0.1205    
  1.3    6.40112    4582.0   0.199   3.95    1.999   -0.0168       6.678   0.1961    0.3534   0.7779   0.4316     0.1233    
  1.3    6.415012   4582.0   0.191   3.959   1.979   -0.0177       6.682   0.2135    0.3698   0.784    0.4299     0.1282    
  1.3    6.42192    4583.0   0.187   3.963   1.969   -0.0182       6.683   0.2221    0.3765   0.7856   0.4291     0.1301    
  1.3    6.43566    4583.0   0.179   3.971   1.95    -0.0195       6.687   0.2395    0.3832   0.7826   0.4282     0.1319    
  1.3    6.442492   4584.0   0.175   3.976   1.941   -0.02         6.689   0.2481    0.396    0.7895   0.4269     0.1357    
  1.3    6.449299   4584.0   0.171   3.98    1.932   -0.0205       6.69    0.2568    0.4088   0.7961   0.4254     0.1395    
  1.3    6.462834   4586.0   0.163   3.988   1.913   -0.0218       6.694   0.2741    0.4215   0.798    0.4238     0.1431    
  1.3    6.469563   4586.0   0.159   3.992   1.904   -0.0223       6.696   0.2828    0.4215   0.7934   0.4237     0.1429    
  1.3    6.482939   4588.0   0.152   4.0     1.887   -0.0237       6.699   0.3002    0.4471   0.8059   0.4206     0.1504    
  1.3    6.489589   4588.0   0.148   4.004   1.878   -0.0241       6.701   0.3088    0.4471   0.8013   0.4204     0.1502    
  1.3    6.502804   4590.0   0.141   4.012   1.861   -0.0255       6.704   0.3262    0.4598   0.8027   0.4187     0.1537    
  1.3    6.509372   4591.0   0.137   4.016   1.853   -0.0264       6.706   0.3349    0.4726   0.8085   0.417      0.1574    
  1.3    6.522423   4592.0   0.13    4.023   1.837   -0.0273       6.709   0.3522    0.4854   0.8097   0.4151     0.1608    
  1.3    6.535366   4594.0   0.123   4.031   1.821   -0.0287       6.713   0.3696    0.5026   0.8143   0.4126     0.1656    
  1.3    6.541796   4595.0   0.12    4.035   1.813   -0.0292       6.715   0.3783    0.5113   0.8166   0.4113     0.168     
  1.3    6.554574   4597.0   0.113   4.042   1.798   -0.0306       6.718   0.3956    0.5234   0.8169   0.4094     0.1712    
  1.3    6.560922   4599.0   0.11    4.046   1.79    -0.0311       6.72    0.4043    0.5354   0.8217   0.4076     0.1746    
  1.3    6.573539   4601.0   0.104   4.053   1.775   -0.0325       6.723   0.4217    0.5475   0.8219   0.4055     0.1777    
  1.3    6.579806   4603.0   0.101   4.056   1.768   -0.0329       6.725   0.4304    0.5596   0.8266   0.4036     0.1811    
  1.3    6.592261   4606.0   0.095   4.063   1.754   -0.0343       6.728   0.4477    0.5717   0.8266   0.4015     0.1841    
  1.3    6.604608   4609.0   0.089   4.07    1.74    -0.0353       6.731   0.4651    0.5837   0.8267   0.3992     0.1871    
  1.3    6.61074    4611.0   0.087   4.074   1.734   -0.0362       6.733   0.4738    0.5958   0.8312   0.3972     0.1904    
  1.3    6.62292    4614.0   0.081   4.08    1.72    -0.0372       6.737   0.4912    0.6079   0.8312   0.3949     0.1934    
  1.3    6.634988   4618.0   0.076   4.087   1.707   -0.0386       6.74    0.5086    0.6184   0.83     0.3928     0.1958    
  1.3    6.640978   4620.0   0.074   4.09    1.701   -0.0391       6.742   0.5173    0.6289   0.8333   0.3908     0.1986    
  1.3    6.65287    4624.0   0.069   4.096   1.689   -0.04         6.745   0.5347    0.6467   0.8374   0.3875     0.2032    
  1.3    6.664645   4629.0   0.065   4.103   1.677   -0.041        6.749   0.5521    0.6613   0.8392   0.3845     0.2068    
  1.3    6.670488   4631.0   0.062   4.106   1.671   -0.0414       6.75    0.5608    0.6685   0.8401   0.383      0.2086    
  1.3    6.682085   4636.0   0.058   4.112   1.659   -0.0424       6.754   0.5782    0.6831   0.8418   0.3799     0.2121    
  1.3    6.693563   4642.0   0.054   4.117   1.648   -0.0434       6.757   0.5956    0.6976   0.8436   0.3767     0.2156    
  1.3    6.699258   4644.0   0.053   4.12    1.643   -0.0438       6.759   0.6043    0.7049   0.8446   0.3751     0.2173    
  1.3    6.710558   4650.0   0.049   4.126   1.632   -0.0448       6.763   0.6217    0.7195   0.8464   0.3718     0.2208    
  1.3    6.721741   4656.0   0.046   4.132   1.622   -0.0458       6.766   0.6391    0.734    0.8483   0.3684     0.2242    
  1.3    6.732804   4662.0   0.043   4.137   1.612   -0.0462       6.77    0.6565    0.7486   0.8503   0.3649     0.2275    
  1.3    6.743747   4669.0   0.04    4.142   1.602   -0.0472       6.773   0.6739    0.7559   0.8471   0.3628     0.2285    
  1.3    6.749174   4673.0   0.039   4.145   1.597   -0.0477       6.775   0.6827    0.7631   0.8481   0.361      0.2302    
  1.3    6.759936   4680.0   0.037   4.15    1.588   -0.0482       6.779   0.7001    0.7777   0.8503   0.3573     0.2334    
  1.3    6.770577   4687.0   0.035   4.154   1.579   -0.0487       6.782   0.7175    0.7922   0.8525   0.3535     0.2366    
  1.3    6.781094   4695.0   0.033   4.159   1.571   -0.0496       6.786   0.735     0.8068   0.8549   0.3497     0.2398    
  1.3    6.791488   4704.0   0.031   4.164   1.563   -0.0501       6.79    0.7524    0.8141   0.852    0.3473     0.2407    
  1.3    6.801758   4713.0   0.03    4.168   1.555   -0.0506       6.793   0.7698    0.8268   0.8532   0.3437     0.2432    
  1.3    6.811903   4722.0   0.029   4.172   1.547   -0.0511       6.797   0.7873    0.8395   0.8546   0.34       0.2457    
  1.3    6.821921   4732.0   0.029   4.176   1.54    -0.0516       6.801   0.8048    0.8523   0.856    0.3363     0.2481    
  1.3    6.831815   4742.0   0.029   4.18    1.533   -0.0521       6.804   0.8222    0.8723   0.8633   0.3306     0.2528    
  1.3    6.841582   4752.0   0.029   4.184   1.526   -0.0526       6.808   0.8397    0.8868   0.8666   0.3262     0.2558    
  1.3    6.851222   4763.0   0.029   4.188   1.52    -0.0531       6.812   0.8571    0.8941   0.8643   0.3235     0.2563    
  1.3    6.860736   4775.0   0.03    4.191   1.514   -0.0531       6.816   0.8746    0.9086   0.868    0.3189     0.2592    
  1.3    6.870124   4786.0   0.031   4.195   1.508   -0.0535       6.82    0.8921    0.9232   0.8719   0.3141     0.2621    
  1.3    6.879386   4799.0   0.032   4.198   1.503   -0.0535       6.824   0.9096    0.9305   0.87     0.3112     0.2625    
  1.3    6.893043   4817.0   0.034   4.202   1.495   -0.054        6.83    0.9358    0.9523   0.8766   0.3037     0.2666    
  1.3    6.901992   4830.0   0.036   4.205   1.491   -0.054        6.834   0.9533    0.9596   0.8751   0.3007     0.2669    
  1.3    6.910816   4843.0   0.039   4.207   1.486   -0.0545       6.838   0.9708    0.9741   0.8802   0.2955     0.2696    
  1.3    6.919514   4857.0   0.041   4.21    1.482   -0.0545       6.842   0.9883    0.9814   0.879    0.2923     0.2698    
  1.3    6.932326   4879.0   0.046   4.213   1.477   -0.055        6.848   1.0145    0.996    0.8809   0.2863     0.2712    
  1.3    6.940712   4894.0   0.049   4.215   1.474   -0.055        6.852   1.0321    1.0105   0.887    0.2807     0.2737    
  1.3    6.948974   4910.0   0.053   4.216   1.471   -0.055        6.857   1.0496    1.0178   0.8866   0.2773     0.2738    
  1.3    6.961136   4936.0   0.06    4.219   1.467   -0.055        6.863   1.0758    1.0323   0.8898   0.2709     0.275     
  1.3    6.96909    4954.0   0.065   4.22    1.465   -0.055        6.867   1.0934    1.0469   0.8973   0.2647     0.2774    
  1.3    6.980792   4982.0   0.073   4.222   1.462   -0.055        6.874   1.1197    1.0614   0.9017   0.2579     0.2785    
  1.3    6.992216   5010.0   0.082   4.223   1.46    -0.0555       6.881   1.146     1.076    0.907    0.2509     0.2795    
  1.3    6.999682   5029.0   0.088   4.223   1.459   -0.0555       6.885   1.1635    1.0833   0.9082   0.247      0.2792    
  1.3    7.01066    5058.0   0.097   4.224   1.458   -0.0555       6.892   1.1898    1.0978   0.9148   0.2395     0.2801    
  1.3    7.02138    5088.0   0.107   4.224   1.458   -0.0555       6.899   1.2161    1.1121   0.9222   0.2319     0.2808    
  1.3    7.031857   5120.0   0.119   4.224   1.458   -0.0555       6.906   1.2424    1.1204   0.9226   0.2267     0.2792    
  1.3    7.041929   5152.0   0.13    4.223   1.46    -0.0555       6.913   1.2683    1.1371   0.9355   0.2174     0.2806    
  1.3    7.051527   5185.0   0.142   4.222   1.462   -0.0555       6.92    1.2936    1.1454   0.9379   0.2119     0.2791    
  1.3    7.060671   5217.0   0.155   4.22    1.464   -0.0555       6.927   1.3182    1.1582   0.9483   0.2039     0.2792    
  1.3    7.069387   5250.0   0.167   4.219   1.467   -0.0555       6.934   1.3421    1.1641   0.9487   0.1995     0.2768    
  1.3    7.080399   5293.0   0.184   4.216   1.472   -0.0555       6.943   1.3732    1.1808   0.9661   0.1884     0.2771    
  1.3    7.090783   5336.0   0.202   4.213   1.477   -0.0555       6.952   1.4033    1.1907   0.9737   0.1808     0.2747    
  1.3    7.100519   5378.0   0.219   4.209   1.484   -0.0555       6.961   1.4323    1.2039   0.9906   0.1707     0.2739    
  1.3    7.1097     5418.0   0.236   4.204   1.491   -0.0555       6.97    1.4603    1.2119   0.9985   0.1637     0.2711    
  1.3    7.120317   5466.0   0.258   4.199   1.501   -0.0555       6.98    1.4936    1.2259   1.022    0.1515     0.2695    
  1.3    7.130092   5512.0   0.278   4.192   1.513   -0.0555       6.99    1.525     1.235    1.037    0.1425     0.266     
  1.3    7.139085   5555.0   0.299   4.185   1.525   -0.0555       7.0     1.5546    1.2452   1.06     0.1319     0.2634    
  1.3    7.150492   5612.0   0.327   4.175   1.543   -0.0555       7.013   1.5938    1.2539   1.079    0.1214     0.2578    
  1.3    7.159299   5657.0   0.349   4.166   1.558   -0.0555       7.024   1.6243    1.263    1.109    0.1099     0.2542    
  1.3    7.169824   5714.0   0.378   4.155   1.579   -0.0555       7.037   1.6616    1.2724   1.147    0.09603    0.2492    
  1.3    7.179184   5767.0   0.404   4.145   1.597   -0.0555       7.05    1.6951    1.2795   1.183    0.08381    0.244     
  1.3    7.189617   5830.0   0.434   4.134   1.617   -0.0555       7.065   1.7326    1.2859   1.226    0.0704     0.2377    
  1.3    7.198979   5889.0   0.46    4.126   1.632   -0.0555       7.08    1.7653    1.2904   1.264    0.05891    0.2318    
  1.3    7.209188   5958.0   0.486   4.12    1.644   -0.0555       7.098   1.7982    1.2939   1.303    0.04762    0.2252    
  1.3    7.219275   6029.0   0.509   4.118   1.648   -0.0555       7.117   1.8262    1.2962   1.335    0.03794    0.219     
  1.3    7.229367   6100.0   0.527   4.12    1.644   -0.0555       7.135   1.8493    1.2979   1.365    0.02903    0.2135    
  1.3    7.239114   6167.0   0.539   4.127   1.63    -0.0555       7.153   1.8666    1.2987   1.376    0.023      0.2091    
  1.3    7.249039   6232.0   0.544   4.14    1.606   -0.0555       7.169   1.8781    1.2992   1.381    0.01783    0.2062    
  1.3    7.259587   6291.0   0.539   4.162   1.567   -0.0555       7.184   1.8825    1.2995   1.365    0.0144     0.2053    
  1.3    7.269497   6330.0   0.522   4.189   1.518   -0.0555       7.193   1.878     1.2996   1.336    0.01263    0.2071    
  1.3    7.279432   6349.0   0.494   4.222   1.462   -0.0555       7.199   1.8679    1.2996   1.288    0.01264    0.2113    
  1.3    7.289004   6349.0   0.461   4.255   1.406   -0.0555       7.202   1.8574    1.2996   1.238    0.01347    0.217     
  1.3    7.299529   6334.0   0.421   4.291   1.35    -0.0555       7.203   1.8472    1.2994   1.183    0.01542    0.2241    
  1.3    7.3096     6311.0   0.386   4.319   1.307   -0.0555       7.202   1.8392    1.2992   1.137    0.01798    0.2305    
  1.3    7.321453   6282.0   0.356   4.342   1.273   -0.0555       7.201   1.8327    1.2989   1.098    0.02111    0.2363    
  1.3    7.331277   6264.0   0.341   4.352   1.258   -0.0555       7.199   1.8299    1.2988   1.082    0.02275    0.2392    
  1.3    7.345046   6251.0   0.333   4.356   1.253   -0.0555       7.198   1.8294    1.2985   1.071    0.02448    0.2406    
  1.3    7.353828   6248.0   0.334   4.354   1.255   -0.0555       7.197   1.8306    1.2985   1.073    0.02448    0.2405    
  1.3    7.364136   6249.0   0.337   4.351   1.259   -0.0555       7.197   1.8324    1.2986   1.08     0.02378    0.2399    
  1.3    7.37619    6254.0   0.343   4.347   1.265   -0.0555       7.197   1.8354    1.2986   1.083    0.02374    0.2387    
  1.3    7.390228   6261.0   0.349   4.343   1.271   -0.0555       7.198   1.8387    1.2988   1.092    0.02274    0.2376    
  1.3    7.406496   6271.0   0.355   4.34    1.276   -0.0555       7.199   1.8434    1.2988   1.097    0.02219    0.2362    
  1.3    7.425246   6281.0   0.36    4.337   1.28    -0.0555       7.2     1.8487    1.2989   1.104    0.0211     0.235     
  1.3    7.446727   6296.0   0.366   4.335   1.282   -0.0555       7.202   1.8565    1.2991   1.11     0.01986    0.2336    
  1.3    7.471174   6314.0   0.373   4.334   1.285   -0.0555       7.204   1.8668    1.2992   1.116    0.01851    0.2319    
  1.3    7.498805   6335.0   0.38    4.332   1.287   -0.0555       7.206   1.8792    1.2993   1.126    0.01667    0.23      
  1.3    7.528289   6358.0   0.387   4.332   1.288   -0.0555       7.209   1.8924    1.2994   1.13     0.01543    0.2281    
  1.3    7.557747   6380.0   0.393   4.331   1.289   -0.0555       7.211   1.9063    1.2995   1.136    0.01401    0.2263    
  1.3    7.587214   6398.0   0.398   4.331   1.289   -0.0555       7.213   1.9177    1.2996   1.143    0.0127     0.225     
  1.3    7.620123   6413.0   0.401   4.332   1.287   -0.0555       7.214   1.9263    1.2997   1.146    0.01184    0.224     
  1.3    7.65658    6423.0   0.403   4.333   1.285   -0.0555       7.215   1.9313    1.2997   1.145    0.01152    0.2235    
  1.3    7.696638   6430.0   0.403   4.335   1.284   -0.0555       7.217   1.9337    1.2997   1.144    0.01121    0.2232    
  1.3    7.740287   6435.0   0.404   4.335   1.283   -0.0555       7.218   1.9362    1.2997   1.146    0.01087    0.2229    
  1.3    7.787463   6440.0   0.405   4.335   1.282   -0.0555       7.219   1.9388    1.2997   1.148    0.01053    0.2226    
  1.3    7.838045   6444.0   0.407   4.335   1.283   -0.0555       7.22    1.9408    1.2997   1.147    0.01052    0.2223    
  1.3    7.891864   6448.0   0.408   4.335   1.283   -0.0555       7.221   1.9425    1.2998   1.15     0.01017    0.222     
  1.3    7.948717   6451.0   0.409   4.335   1.283   -0.0555       7.222   1.9438    1.2998   1.149    0.01016    0.2217    
  1.3    8.00837    6453.0   0.41    4.334   1.284   -0.0555       7.223   1.9451    1.2998   1.149    0.01016    0.2215    
  1.3    8.070581   6454.0   0.411   4.334   1.285   -0.0555       7.224   1.9462    1.2998   1.154    0.00979    0.2213    
  1.3    8.135098   6455.0   0.412   4.333   1.286   -0.0555       7.224   1.9473    1.2998   1.154    0.009787   0.2211    
  1.3    8.201665   6456.0   0.413   4.332   1.287   -0.0555       7.225   1.9485    1.2998   1.155    0.009785   0.2209    
  1.3    8.27005    6456.0   0.414   4.331   1.289   -0.0555       7.226   1.9498    1.2998   1.156    0.009784   0.2207    
  1.3    8.338293   6456.0   0.416   4.329   1.291   -0.0555       7.227   1.9521    1.2998   1.158    0.009781   0.2203    
  1.3    8.397255   6456.0   0.418   4.328   1.294   -0.0555       7.228   1.9545    1.2998   1.16     0.00978    0.22      
  1.3    8.44916    6456.0   0.419   4.326   1.297   -0.0555       7.229   1.9568    1.2998   1.162    0.009778   0.2197    
  1.3    8.495519   6456.0   0.421   4.324   1.3     -0.0555       7.229   1.959     1.2998   1.168    0.009494   0.2195    
  1.3    8.537403   6454.0   0.423   4.322   1.302   -0.0555       7.23    1.9604    1.2998   1.17     0.009493   0.2192    
  1.3    8.575601   6453.0   0.424   4.32    1.305   -0.0555       7.231   1.9617    1.2998   1.169    0.009776   0.219     
  1.3    8.61071    6453.0   0.426   4.319   1.308   -0.0555       7.232   1.964     1.2998   1.175    0.009492   0.2187    
  1.3    8.643191   6452.0   0.427   4.317   1.31    -0.0555       7.233   1.9663    1.2998   1.177    0.009491   0.2184    
  1.3    8.673411   6451.0   0.429   4.315   1.313   -0.0555       7.234   1.9686    1.2998   1.18     0.00949    0.2181    
  1.3    8.701664   6451.0   0.431   4.313   1.316   -0.0555       7.235   1.971     1.2998   1.182    0.009489   0.2178    
  1.3    8.728191   6450.0   0.433   4.311   1.319   -0.0555       7.236   1.9734    1.2998   1.184    0.009488   0.2175    
  1.3    8.75319    6449.0   0.434   4.309   1.322   -0.0555       7.236   1.9744    1.2998   1.187    0.009488   0.2173    
  1.3    8.776828   6446.0   0.435   4.308   1.324   -0.0555       7.237   1.9737    1.2998   1.186    0.009773   0.2172    
  1.3    8.799246   6446.0   0.437   4.306   1.327   -0.0555       7.238   1.9761    1.2998   1.189    0.009772   0.2169    
  1.3    8.820563   6445.0   0.438   4.304   1.33    -0.0555       7.239   1.9785    1.2998   1.191    0.009771   0.2166    
  1.3    8.840883   6444.0   0.44    4.302   1.333   -0.0555       7.239   1.9809    1.2998   1.194    0.00977    0.2163    
  1.3    8.860294   6444.0   0.442   4.3     1.336   -0.0555       7.24    1.9833    1.2998   1.199    0.009486   0.216     
  1.3    8.878876   6443.0   0.444   4.298   1.339   -0.0555       7.241   1.9858    1.2998   1.202    0.009485   0.2157    
  1.3    8.896694   6443.0   0.445   4.296   1.342   -0.0555       7.242   1.9883    1.2998   1.204    0.009484   0.2155    
  1.3    8.91381    6442.0   0.447   4.294   1.345   -0.0555       7.243   1.9908    1.2998   1.207    0.009482   0.2152    
  1.3    8.930276   6441.0   0.449   4.292   1.348   -0.0555       7.244   1.9934    1.2998   1.209    0.009481   0.2149    
  1.3    8.946142   6441.0   0.451   4.29    1.351   -0.0555       7.245   1.9959    1.2998   1.212    0.00948    0.2146    
  1.3    8.961448   6440.0   0.453   4.288   1.354   -0.0555       7.246   1.9986    1.2998   1.214    0.009479   0.2143    
  1.3    8.976233   6439.0   0.454   4.286   1.357   -0.0555       7.247   2.0012    1.2998   1.217    0.009478   0.214     
  1.3    8.990531   6439.0   0.456   4.284   1.36    -0.0555       7.248   2.0039    1.2998   1.219    0.009477   0.2137    
  1.3    9.004373   6438.0   0.458   4.282   1.363   -0.0555       7.249   2.0067    1.2998   1.222    0.009475   0.2134    
  1.3    9.017789   6438.0   0.46    4.28    1.366   -0.0555       7.25    2.0095    1.2998   1.224    0.009474   0.2131    
  1.3    9.030802   6437.0   0.462   4.278   1.369   -0.0555       7.251   2.0123    1.2998   1.227    0.009473   0.2128    
  1.3    9.043433   6436.0   0.463   4.276   1.373   -0.0555       7.252   2.0152    1.2998   1.23     0.009472   0.2125    
  1.3    9.055711   6435.0   0.465   4.274   1.376   -0.0555       7.253   2.0181    1.2998   1.232    0.009471   0.2122    
  1.3    9.067651   6435.0   0.467   4.272   1.379   -0.0555       7.254   2.021     1.2998   1.235    0.00947    0.2119    
  1.3    9.079272   6432.0   0.468   4.271   1.382   -0.0555       7.254   2.0185    1.2998   1.238    0.009472   0.2118    
  1.3    9.09059    6431.0   0.47    4.268   1.385   -0.0555       7.255   2.0214    1.2998   1.241    0.009472   0.2115    
  1.3    9.101616   6430.0   0.472   4.266   1.389   -0.0555       7.256   2.0243    1.2998   1.244    0.00947    0.2112    
  1.3    9.112374   6429.0   0.474   4.264   1.392   -0.0555       7.257   2.0273    1.2998   1.246    0.00947    0.2109    
  1.3    9.122871   6428.0   0.475   4.262   1.395   -0.0555       7.258   2.0303    1.2998   1.249    0.009468   0.2105    
  1.3    9.13312    6427.0   0.477   4.26    1.399   -0.0555       7.26    2.0333    1.2998   1.252    0.009468   0.2102    
  1.3    9.143134   6427.0   0.479   4.258   1.402   -0.0555       7.261   2.0364    1.2998   1.255    0.009467   0.2099    
  1.3    9.152921   6426.0   0.481   4.256   1.406   -0.0555       7.262   2.0395    1.2998   1.258    0.009466   0.2096    
  1.3    9.16249    6425.0   0.483   4.254   1.409   -0.0555       7.263   2.0427    1.2998   1.261    0.009465   0.2093    
  1.3    9.171855   6423.0   0.485   4.251   1.413   -0.0555       7.264   2.0459    1.2998   1.264    0.009465   0.209     
  1.3    9.181023   6422.0   0.487   4.249   1.416   -0.0555       7.265   2.0492    1.2998   1.267    0.009464   0.2087    
  1.3    9.190001   6421.0   0.489   4.247   1.42    -0.0555       7.266   2.0525    1.2998   1.27     0.009463   0.2084    
  1.3    9.198797   6420.0   0.49    4.245   1.423   -0.0555       7.268   2.0558    1.2998   1.273    0.009463   0.2082    
  1.3    9.207416   6418.0   0.492   4.243   1.427   -0.0555       7.269   2.0592    1.2998   1.277    0.009463   0.2079    
  1.3    9.21587    6417.0   0.494   4.24    1.431   -0.0555       7.27    2.0626    1.2998   1.28     0.009463   0.2076    
  1.3    9.224163   6413.0   0.495   4.238   1.434   -0.0555       7.27    2.0575    1.2998   1.28     0.009749   0.2075    
  1.3    9.2323     6411.0   0.497   4.236   1.438   -0.0555       7.271   2.0609    1.2998   1.283    0.009749   0.2072    
  1.3    9.240287   6409.0   0.499   4.234   1.442   -0.0555       7.272   2.0643    1.2998   1.287    0.009749   0.2069    
  1.3    9.248128   6408.0   0.501   4.231   1.446   -0.0555       7.274   2.0679    1.2998   1.291    0.009749   0.2066    
  1.3    9.255832   6406.0   0.503   4.229   1.45    -0.0555       7.275   2.0715    1.2998   1.294    0.009748   0.2063    
  1.3    9.263402   6405.0   0.505   4.226   1.454   -0.0555       7.276   2.0754    1.2998   1.298    0.009748   0.206     
  1.3    9.270842   6404.0   0.507   4.224   1.458   -0.0555       7.277   2.0796    1.2998   1.301    0.009747   0.2057    
  1.3    9.278157   6403.0   0.509   4.221   1.463   -0.0555       7.279   2.0842    1.2998   1.305    0.009745   0.2053    
  1.3    9.285348   6403.0   0.512   4.219   1.467   -0.0555       7.28    2.0894    1.2998   1.308    0.009742   0.2048    
  1.3    9.292424   6403.0   0.515   4.216   1.472   -0.0555       7.282   2.0948    1.2998   1.315    0.009458   0.2044    
  1.3    9.299387   6403.0   0.518   4.213   1.476   -0.0555       7.284   2.1006    1.2998   1.319    0.009454   0.2039    
  1.3    9.306241   6403.0   0.52    4.21    1.481   -0.0555       7.285   2.1061    1.2998   1.322    0.009451   0.2034    
  1.3    9.312987   6402.0   0.523   4.208   1.486   -0.0555       7.287   2.1118    1.2998   1.326    0.009448   0.203     
  1.3    9.319631   6402.0   0.526   4.205   1.49    -0.0555       7.289   2.1175    1.2998   1.33     0.009446   0.2025    
  1.3    9.326172   6400.0   0.528   4.202   1.495   -0.0555       7.29    2.1229    1.2998   1.334    0.009445   0.2021    
  1.3    9.332618   6398.0   0.53    4.199   1.5     -0.0555       7.292   2.1282    1.2998   1.338    0.009445   0.2018    
  1.3    9.33897    6396.0   0.532   4.196   1.505   -0.0555       7.294   2.1331    1.2998   1.343    0.009447   0.2015    
  1.3    9.345231   6392.0   0.534   4.194   1.51    -0.0555       7.296   2.138     1.2998   1.348    0.009448   0.2013    
  1.3    9.351402   6388.0   0.536   4.191   1.515   -0.0555       7.298   2.1425    1.2998   1.349    0.009733   0.2011    
  1.3    9.357485   6383.0   0.538   4.188   1.52    -0.0555       7.299   2.147     1.2998   1.354    0.009738   0.2009    
  1.3    9.363486   6377.0   0.539   4.185   1.525   -0.0555       7.301   2.1511    1.2998   1.355    0.01011    0.2009    
  1.3    9.369405   6370.0   0.54    4.182   1.53    -0.0555       7.303   2.1551    1.2997   1.357    0.01046    0.2008    
  1.3    9.375245   6363.0   0.541   4.179   1.536   -0.0555       7.304   2.1589    1.2997   1.359    0.01081    0.2009    
  1.3    9.381007   6355.0   0.542   4.176   1.541   -0.0555       7.306   2.1617    1.2997   1.362    0.01114    0.2009    
  1.3    9.386692   6346.0   0.543   4.173   1.547   -0.0555       7.307   2.1653    1.2997   1.365    0.01145    0.201     
  1.3    9.392305   6338.0   0.543   4.169   1.552   -0.0555       7.309   2.1692    1.2997   1.369    0.01176    0.2011    
  1.3    9.397846   6331.0   0.545   4.166   1.559   -0.0555       7.308   2.1587    1.2997   1.372    0.01205    0.2009    
  1.3    9.402411   6325.0   0.547   4.163   1.565   -0.0555       7.31    2.1641    1.2996   1.375    0.01233    0.2009    
  1.3    9.407826   6318.0   0.548   4.16    1.57    -0.0555       7.311   2.1679    1.2996   1.378    0.01261    0.2008    
  1.3    9.413172   6309.0   0.549   4.156   1.576   -0.0555       7.313   2.1721    1.2996   1.381    0.01302    0.2009    
  1.3    9.418455   6300.0   0.549   4.153   1.582   -0.0555       7.314   2.1762    1.2996   1.385    0.01341    0.2011    
  1.3    9.423582   6289.0   0.55    4.15    1.588   -0.0555       7.316   2.1802    1.2995   1.382    0.01438    0.2013    
  1.3    9.427807   6279.0   0.551   4.146   1.595   -0.0555       7.317   2.1841    1.2995   1.385    0.01485    0.2014    
  1.3    9.431788   6279.0   0.554   4.143   1.601   -0.0555       7.312   2.1578    1.2995   1.395    0.0144     0.2009    
  1.3    9.435078   6278.0   0.557   4.14    1.607   -0.0555       7.314   2.1647    1.2995   1.394    0.01484    0.2004    
  1.3    9.438993   6274.0   0.558   4.137   1.611   -0.0555       7.316   2.1687    1.2995   1.399    0.01485    0.2004    
  1.3    9.443645   6267.0   0.559   4.135   1.616   -0.0555       7.317   2.1721    1.2994   1.4      0.0153     0.2005    
  1.3    9.448054   6257.0   0.559   4.132   1.622   -0.0555       7.319   2.1752    1.2994   1.404    0.01572    0.2006    
  1.3    9.452145   6248.0   0.56    4.128   1.628   -0.0555       7.32    2.1784    1.2994   1.407    0.01613    0.2009    
  1.3    9.455948   6238.0   0.56    4.125   1.634   -0.0555       7.321   2.1815    1.2993   1.407    0.01689    0.201     
  1.3    9.459494   6230.0   0.561   4.122   1.639   -0.0555       7.322   2.1845    1.2993   1.411    0.01727    0.2013    
  1.3    9.46281    6221.0   0.561   4.119   1.644   -0.0555       7.324   2.1874    1.2992   1.412    0.01781    0.2015    
  1.3    9.465919   6213.0   0.562   4.117   1.649   -0.0555       7.325   2.1903    1.2992   1.414    0.01834    0.2017    
  1.3    9.468845   6205.0   0.562   4.114   1.654   -0.0555       7.326   2.1931    1.2991   1.414    0.019      0.2019    
  1.3    9.471601   6198.0   0.562   4.112   1.659   -0.0555       7.327   2.1958    1.2991   1.414    0.01965    0.2021    
  1.3    9.474206   6191.0   0.563   4.11    1.663   -0.0555       7.328   2.1983    1.299    1.414    0.02026    0.2022    
  1.3    9.476666   6183.0   0.563   4.107   1.667   -0.0555       7.329   2.2009    1.2989   1.414    0.02086    0.2024    
  1.3    9.478995   6177.0   0.563   4.105   1.671   -0.0555       7.33    2.2035    1.2989   1.417    0.02115    0.2026    
  1.3    9.481202   6170.0   0.563   4.103   1.675   -0.0555       7.33    2.2061    1.2988   1.415    0.02193    0.2028    
  1.3    9.483298   6164.0   0.563   4.101   1.679   -0.0555       7.331   2.2087    1.2988   1.42     0.02196    0.203     
  1.3    9.485291   6158.0   0.564   4.1     1.682   -0.0555       7.332   2.2112    1.2988   1.42     0.02247    0.2032    
  1.3    9.487199   6153.0   0.564   4.098   1.686   -0.0555       7.333   2.2132    1.2987   1.42     0.02297    0.2033    
  1.3    9.489023   6148.0   0.564   4.096   1.689   -0.0555       7.334   2.2156    1.2986   1.421    0.02345    0.2034    
  1.3    9.490766   6143.0   0.564   4.095   1.692   -0.0555       7.335   2.2179    1.2986   1.425    0.02347    0.2036    
  1.3    9.492433   6138.0   0.564   4.093   1.695   -0.0555       7.335   2.2202    1.2985   1.423    0.02417    0.2037    
  1.3    9.494029   6134.0   0.565   4.092   1.698   -0.0555       7.336   2.2224    1.2985   1.42     0.02484    0.2038    
  1.3    9.49556    6129.0   0.565   4.09    1.701   -0.0555       7.337   2.2246    1.2985   1.424    0.02487    0.204     
  1.3    9.497028   6125.0   0.565   4.089   1.704   -0.0555       7.338   2.2268    1.2983   1.42     0.02572    0.204     
  1.3    9.498437   6121.0   0.565   4.087   1.706   -0.0555       7.338   2.229     1.2983   1.424    0.02574    0.2042    
  1.3    9.499792   6117.0   0.565   4.086   1.709   -0.0555       7.339   2.231     1.2983   1.427    0.02576    0.2043    
  1.3    9.501094   6114.0   0.565   4.085   1.711   -0.0555       7.34    2.233     1.2982   1.423    0.02659    0.2044    
  1.3    9.502347   6110.0   0.566   4.084   1.713   -0.0555       7.34    2.2351    1.2982   1.426    0.0266     0.2045    
  1.3    9.503552   6107.0   0.566   4.083   1.716   -0.0555       7.341   2.2371    1.2982   1.43     0.02662    0.2046    
  1.3    9.504715   6104.0   0.566   4.082   1.718   -0.0555       7.342   2.2391    1.2981   1.425    0.02741    0.2046    
  1.3    9.505836   6100.0   0.566   4.081   1.72    -0.0555       7.342   2.2405    1.2981   1.428    0.02744    0.2049    
  1.3    9.506917   6096.0   0.566   4.08    1.722   -0.0555       7.343   2.2426    1.298    1.424    0.0282     0.2049    
  1.3    9.507958   6094.0   0.566   4.078   1.724   -0.0555       7.343   2.2447    1.298    1.427    0.02822    0.2049    
  1.3    9.508963   6091.0   0.567   4.077   1.726   -0.0555       7.344   2.2468    1.298    1.43     0.02823    0.205     
  1.3    9.509933   6089.0   0.567   4.077   1.728   -0.0555       7.345   2.249     1.298    1.432    0.02824    0.205     
  1.3    9.510871   6087.0   0.567   4.076   1.73    -0.0555       7.346   2.2511    1.2979   1.428    0.02891    0.205     
  1.3    9.511775   6085.0   0.568   4.075   1.731   -0.0555       7.346   2.2531    1.2979   1.43     0.02892    0.205     
  1.3    9.51265    6082.0   0.568   4.074   1.733   -0.0555       7.347   2.2546    1.2979   1.433    0.02894    0.2052    
  1.3    9.513496   6080.0   0.568   4.073   1.735   -0.0555       7.347   2.2564    1.2979   1.435    0.02895    0.2052    
  1.3    9.514314   6078.0   0.568   4.072   1.736   -0.0555       7.348   2.2585    1.2978   1.431    0.0296     0.2051    
  1.3    9.515107   6077.0   0.569   4.071   1.738   -0.0555       7.349   2.2605    1.2978   1.433    0.02961    0.2052    
  1.3    9.515873   6075.0   0.569   4.071   1.739   -0.0555       7.349   2.262     1.2978   1.435    0.02962    0.2052    
  1.3    9.516616   6073.0   0.569   4.07    1.741   -0.0555       7.35    2.2639    1.2978   1.436    0.02963    0.2053    
  1.3    9.517334   6072.0   0.569   4.069   1.742   -0.0555       7.35    2.266     1.2978   1.438    0.02964    0.2052    
  1.3    9.518032   6070.0   0.569   4.069   1.744   -0.0555       7.351   2.2675    1.2977   1.434    0.03027    0.2052    
  1.3    9.518707   6069.0   0.57    4.068   1.745   -0.0555       7.351   2.2695    1.2977   1.435    0.03028    0.2052    
  1.3    9.519363   6068.0   0.57    4.067   1.746   -0.0555       7.352   2.271     1.2977   1.437    0.03029    0.2052    
  1.3    9.52       6067.0   0.57    4.067   1.748   -0.0555       7.353   2.2729    1.2977   1.438    0.03029    0.2052    
  1.3    9.520616   6066.0   0.571   4.066   1.749   -0.0555       7.353   2.2746    1.2977   1.44     0.0303     0.2052    
  1.3    9.521215   6065.0   0.571   4.065   1.75    -0.0555       7.354   2.2765    1.2977   1.441    0.0303     0.2052    
  1.3    9.521796   6064.0   0.571   4.065   1.751   -0.0555       7.354   2.2782    1.2977   1.442    0.0303     0.2052    
  1.3    9.522358   6063.0   0.572   4.064   1.752   -0.0555       7.355   2.2798    1.2975   1.438    0.03092    0.2051    
  1.3    9.522902   6062.0   0.572   4.064   1.754   -0.0555       7.356   2.282     1.2975   1.439    0.03092    0.2051    
  1.3    9.523426   6062.0   0.573   4.063   1.755   -0.0555       7.356   2.2842    1.2975   1.44     0.03092    0.205     
  1.3    9.523936   6061.0   0.573   4.062   1.756   -0.0555       7.357   2.2864    1.2975   1.441    0.03092    0.2049    
  1.3    9.524429   6061.0   0.574   4.062   1.757   -0.0555       7.357   2.2885    1.2975   1.442    0.03092    0.2048    
  1.3    9.524906   6061.0   0.574   4.061   1.758   -0.0555       7.358   2.2906    1.2975   1.442    0.03092    0.2047    
  1.3    9.525367   6061.0   0.575   4.061   1.759   -0.0555       7.359   2.2927    1.2975   1.443    0.03092    0.2047    
  1.3    9.525815   6061.0   0.575   4.06    1.76    -0.0555       7.359   2.2949    1.2975   1.444    0.03091    0.2046    
  1.3    9.52625    6061.0   0.576   4.06    1.761   -0.0555       7.36    2.2969    1.2977   1.45     0.0303     0.2046    
  1.3    9.52667    6061.0   0.576   4.059   1.762   -0.0555       7.361   2.299     1.2977   1.451    0.03029    0.2045    
  1.3    9.527078   6062.0   0.577   4.059   1.763   -0.0555       7.361   2.3009    1.2977   1.451    0.03029    0.2044    
  1.3    9.527473   6062.0   0.577   4.059   1.764   -0.0555       7.362   2.3029    1.2977   1.452    0.03029    0.2043    
  1.3    9.527857   6062.0   0.578   4.058   1.765   -0.0555       7.363   2.3049    1.2977   1.452    0.03028    0.2042    
  1.3    9.528229   6062.0   0.578   4.058   1.766   -0.0555       7.363   2.3068    1.2977   1.452    0.03028    0.2041    
  1.3    9.528589   6063.0   0.579   4.057   1.766   -0.0555       7.364   2.3088    1.2977   1.453    0.03027    0.204     
  1.3    9.52894    6063.0   0.579   4.057   1.767   -0.0555       7.364   2.3107    1.2977   1.453    0.03027    0.2038    
  1.3    9.529279   6064.0   0.58    4.056   1.768   -0.0555       7.365   2.3127    1.2977   1.453    0.03026    0.2037    
  1.3    9.529609   6064.0   0.58    4.056   1.769   -0.0555       7.366   2.3146    1.2977   1.453    0.03026    0.2036    
  1.3    9.529929   6065.0   0.581   4.056   1.77    -0.0555       7.366   2.3165    1.2977   1.454    0.03025    0.2035    
  1.3    9.530241   6065.0   0.581   4.055   1.77    -0.0555       7.367   2.3184    1.2978   1.46     0.02961    0.2034    
  1.3    9.530543   6066.0   0.582   4.055   1.771   -0.0555       7.367   2.3203    1.2978   1.46     0.02961    0.2033    
  1.3    9.530836   6067.0   0.583   4.055   1.772   -0.0555       7.368   2.3222    1.2978   1.46     0.0296     0.2032    
  1.3    9.531121   6068.0   0.583   4.054   1.773   -0.0555       7.369   2.3241    1.2978   1.46     0.02959    0.203     
  1.3    9.531398   6068.0   0.584   4.054   1.773   -0.0555       7.369   2.326     1.2978   1.46     0.02959    0.2029    
  1.3    9.531667   6069.0   0.584   4.054   1.774   -0.0555       7.37    2.3277    1.2978   1.46     0.02958    0.2028    
  1.3    9.531928   6070.0   0.585   4.053   1.775   -0.0555       7.37    2.3295    1.2978   1.46     0.02957    0.2026    
  1.3    9.532183   6071.0   0.585   4.053   1.775   -0.0555       7.371   2.3313    1.2979   1.466    0.02892    0.2026    
  1.3    9.532431   6072.0   0.586   4.053   1.776   -0.0555       7.371   2.3332    1.2979   1.466    0.02891    0.2024    
  1.3    9.532672   6073.0   0.587   4.052   1.777   -0.0555       7.372   2.3351    1.2979   1.466    0.0289     0.2023    
  1.3    9.532905   6074.0   0.587   4.052   1.777   -0.0555       7.372   2.3369    1.2979   1.466    0.02889    0.2021    
  1.3    9.533132   6075.0   0.588   4.052   1.778   -0.0555       7.373   2.3387    1.2979   1.466    0.02888    0.2019    
  1.3    9.533354   6076.0   0.589   4.051   1.779   -0.0555       7.373   2.3406    1.2979   1.466    0.02887    0.2018    
  1.3    9.53357    6077.0   0.589   4.051   1.779   -0.0555       7.374   2.3424    1.298    1.472    0.0282     0.2017    
  1.3    9.533778   6079.0   0.59    4.051   1.78    -0.0555       7.375   2.3443    1.298    1.472    0.02819    0.2015    
  1.3    9.533983   6080.0   0.59    4.05    1.781   -0.0555       7.375   2.3461    1.298    1.471    0.02818    0.2013    
  1.3    9.534181   6082.0   0.592   4.05    1.782   -0.0555       7.376   2.3487    1.298    1.471    0.02816    0.2011    
  1.3    9.534375   6083.0   0.592   4.049   1.782   -0.0555       7.377   2.3508    1.2981   1.478    0.0274     0.2009    
  1.3    9.534563   6085.0   0.593   4.049   1.783   -0.0555       7.377   2.3526    1.2981   1.477    0.02739    0.2007    
  1.3    9.534747   6087.0   0.594   4.049   1.783   -0.0555       7.378   2.3544    1.2981   1.477    0.02738    0.2006    
  1.3    9.534924   6088.0   0.594   4.049   1.784   -0.0555       7.378   2.3562    1.2981   1.476    0.02737    0.2004    
  1.3    9.535098   6089.0   0.595   4.049   1.784   -0.0555       7.379   2.3579    1.2981   1.476    0.02736    0.2002    
  1.3    9.535268   6091.0   0.596   4.048   1.785   -0.0555       7.379   2.3597    1.2982   1.483    0.02657    0.2001    
  1.3    9.535432   6092.0   0.596   4.048   1.785   -0.0555       7.38    2.3615    1.2982   1.483    0.02656    0.1999    
  1.3    9.535592   6094.0   0.597   4.048   1.786   -0.0555       7.38    2.3633    1.2982   1.482    0.02655    0.1998    
  1.3    9.535748   6095.0   0.598   4.048   1.786   -0.0555       7.381   2.3651    1.2982   1.482    0.02654    0.1996    
  1.3    9.5359     6097.0   0.598   4.047   1.787   -0.0555       7.381   2.3668    1.2982   1.481    0.02653    0.1994    
  1.3    9.536048   6098.0   0.599   4.047   1.787   -0.0555       7.382   2.3686    1.2982   1.481    0.02652    0.1992    
  1.3    9.536192   6100.0   0.6     4.047   1.788   -0.0555       7.382   2.3704    1.2983   1.489    0.0257     0.1991    
  1.3    9.536334   6101.0   0.6     4.047   1.788   -0.0555       7.383   2.3722    1.2983   1.488    0.02569    0.1989    
  1.3    9.53647    6103.0   0.601   4.046   1.789   -0.0555       7.383   2.3739    1.2983   1.488    0.02568    0.1987    
  1.3    9.536604   6104.0   0.602   4.046   1.789   -0.0555       7.384   2.3757    1.2983   1.487    0.02567    0.1985    
  1.3    9.536734   6106.0   0.602   4.046   1.79    -0.0555       7.385   2.3775    1.2983   1.486    0.02566    0.1983    
  1.3    9.536861   6108.0   0.603   4.046   1.79    -0.0555       7.385   2.3792    1.2985   1.495    0.02481    0.1982    
  1.3    9.536984   6109.0   0.604   4.045   1.791   -0.0555       7.386   2.3813    1.2985   1.494    0.0248     0.198     
  1.3    9.537103   6111.0   0.605   4.045   1.792   -0.0555       7.386   2.3834    1.2985   1.494    0.02479    0.1978    
  1.3    9.537219   6113.0   0.606   4.045   1.792   -0.0555       7.387   2.3855    1.2985   1.493    0.02478    0.1975    
  1.3    9.537333   6115.0   0.607   4.044   1.793   -0.0555       7.387   2.3877    1.2985   1.499    0.02411    0.1973    
  1.3    9.537443   6117.0   0.607   4.044   1.794   -0.0555       7.388   2.3898    1.2985   1.498    0.0241     0.1971    
  1.3    9.537548   6119.0   0.608   4.044   1.794   -0.0555       7.388   2.3919    1.2985   1.498    0.02408    0.1968    
  1.3    9.537653   6121.0   0.609   4.043   1.795   -0.0555       7.389   2.394     1.2986   1.504    0.0234     0.1967    
  1.3    9.537754   6123.0   0.61    4.043   1.795   -0.0555       7.389   2.3961    1.2986   1.503    0.02338    0.1964    
  1.3    9.537852   6125.0   0.611   4.043   1.796   -0.0555       7.39    2.3982    1.2987   1.508    0.02291    0.1962    
  1.3    9.537947   6128.0   0.612   4.043   1.797   -0.0555       7.391   2.4004    1.2987   1.507    0.0229     0.196     
  1.3    9.538982   6157.0   0.623   4.039   1.804   -0.0555       7.398   2.4292    1.299    1.525    0.02019    0.193     
