# Mass   time       Teff     L/Ls    g       R/Rs    Log(Li/Li0)   logTc   logROc    Mrad     Rrad      k2conv     k2rad     
  1.4    5.692977   4647.0   0.74    3.466   3.621   0.0           6.478   -0.5965   0.0      0.0       0.4486     0.0       
  1.4    5.699537   4647.0   0.735   3.471   3.601   0.0           6.48    -0.5894   0.0      0.0       0.4486     0.0       
  1.4    5.712661   4649.0   0.726   3.48    3.562   0.0           6.485   -0.5752   0.0      0.0       0.4487     0.0       
  1.4    5.719229   4649.0   0.722   3.485   3.542   0.0           6.487   -0.5682   0.0      0.0       0.4487     0.0       
  1.4    5.732378   4650.0   0.713   3.495   3.503   0.0           6.492   -0.554    0.0      0.0       0.4488     0.0       
  1.4    5.745545   4651.0   0.703   3.504   3.465   0.0           6.497   -0.5399   0.0      0.0       0.4489     0.0       
  1.4    5.752132   4652.0   0.699   3.509   3.446   0.0           6.499   -0.5329   0.0      0.0       0.4489     0.0       
  1.4    5.765323   4653.0   0.69    3.519   3.408   0.0           6.504   -0.5187   0.0      0.0       0.449      0.0       
  1.4    5.771922   4654.0   0.685   3.523   3.389   0.0           6.506   -0.5117   0.0      0.0       0.449      0.0       
  1.4    5.785136   4654.0   0.676   3.533   3.352   0.0           6.511   -0.4976   0.0      0.0       0.4491     0.0       
  1.4    5.791747   4655.0   0.671   3.538   3.334   0.0           6.513   -0.4905   0.0      0.0       0.4491     0.0       
  1.4    5.804984   4656.0   0.662   3.547   3.297   0.0           6.518   -0.4764   0.0      0.0       0.4492     0.0       
  1.4    5.811607   4656.0   0.657   3.552   3.279   0.0           6.52    -0.4694   0.0      0.0       0.4492     0.0       
  1.4    5.824867   4657.0   0.648   3.562   3.243   0.0           6.525   -0.4553   0.0      0.0       0.4493     0.0       
  1.4    5.831505   4657.0   0.643   3.566   3.226   0.0           6.527   -0.4483   0.0      0.0       0.4493     0.0       
  1.4    5.844791   4657.0   0.634   3.576   3.19    0.0           6.532   -0.4342   0.0      0.0       0.4494     0.0       
  1.4    5.851444   4658.0   0.629   3.581   3.173   0.0           6.534   -0.4272   0.0      0.0       0.4495     0.0       
  1.4    5.86476    4658.0   0.62    3.59    3.138   0.0           6.539   -0.4131   0.0      0.0       0.4495     0.0       
  1.4    5.87143    4658.0   0.615   3.595   3.121   0.0           6.541   -0.4061   3.0E-4   0.09887   0.4496     2.263E-4  
  1.4    5.884781   4658.0   0.606   3.605   3.087   0.0           6.546   -0.3919   0.0029   0.2165    0.4496     0.002002  
  1.4    5.89147    4658.0   0.601   3.609   3.07    0.0           6.548   -0.3848   0.004    0.2394    0.4496     0.002609  
  1.4    5.904861   4659.0   0.592   3.619   3.037   -4.0E-4       6.552   -0.3706   0.0093   0.3158    0.4497     0.005325  
  1.4    5.911569   4659.0   0.587   3.624   3.02    -4.0E-4       6.555   -0.3635   0.0115   0.3369    0.4497     0.006339  
  1.4    5.925006   4659.0   0.577   3.633   2.987   -4.0E-4       6.559   -0.3491   0.02     0.4026    0.4497     0.01011   
  1.4    5.931735   4659.0   0.573   3.638   2.971   -4.0E-4       6.561   -0.3419   0.02     0.4004    0.4497     0.01011   
  1.4    5.945225   4659.0   0.563   3.647   2.939   -4.0E-4       6.566   -0.3274   0.0285   0.447     0.4497     0.01362   
  1.4    5.95198    4659.0   0.558   3.652   2.923   -4.0E-4       6.568   -0.3201   0.0327   0.4662    0.4497     0.0153    
  1.4    5.965522   4658.0   0.549   3.662   2.891   -4.0E-4       6.572   -0.3055   0.0374   0.4829    0.4497     0.01713   
  1.4    5.972304   4658.0   0.544   3.666   2.875   -4.0E-4       6.574   -0.2981   0.042    0.5003    0.4496     0.01892   
  1.4    5.979098   4658.0   0.539   3.671   2.859   -4.0E-4       6.576   -0.2908   0.0514   0.5336    0.4495     0.02242   
  1.4    5.992715   4658.0   0.53    3.681   2.828   -9.0E-4       6.58    -0.2759   0.0607   0.5596    0.4494     0.02582   
  1.4    5.99954    4658.0   0.525   3.685   2.813   -9.0E-4       6.582   -0.2685   0.0607   0.5565    0.4494     0.02582   
  1.4    6.013217   4658.0   0.515   3.695   2.782   -9.0E-4       6.587   -0.2535   0.071    0.5817    0.4492     0.02948   
  1.4    6.020075   4657.0   0.51    3.7     2.767   -9.0E-4       6.589   -0.246    0.0814   0.6071    0.449      0.03308   
  1.4    6.033822   4657.0   0.501   3.709   2.736   -0.0013       6.593   -0.2308   0.0917   0.6266    0.4488     0.03661   
  1.4    6.040713   4657.0   0.496   3.714   2.722   -0.0013       6.595   -0.2232   0.0917   0.623     0.4488     0.0366    
  1.4    6.054533   4656.0   0.486   3.724   2.692   -0.0013       6.599   -0.2079   0.102    0.6402    0.4485     0.04007   
  1.4    6.06146    4656.0   0.481   3.728   2.677   -0.0013       6.601   -0.2002   0.1123   0.6592    0.4482     0.04351   
  1.4    6.075357   4656.0   0.471   3.738   2.648   -0.0017       6.605   -0.1847   0.1226   0.673     0.4479     0.04688   
  1.4    6.082329   4656.0   0.467   3.743   2.633   -0.0017       6.606   -0.1769   0.133    0.6894    0.4475     0.05024   
  1.4    6.089312   4655.0   0.462   3.747   2.619   -0.0017       6.609   -0.169    0.133    0.6854    0.4475     0.05022   
  1.4    6.103321   4655.0   0.452   3.757   2.59    -0.0022       6.612   -0.1532   0.1433   0.6966    0.4472     0.05352   
  1.4    6.110351   4655.0   0.447   3.762   2.576   -0.0022       6.614   -0.1453   0.1536   0.7108    0.4467     0.0568    
  1.4    6.124305   4654.0   0.438   3.771   2.548   -0.0022       6.618   -0.1294   0.1639   0.72      0.4463     0.06003   
  1.4    6.13052    4654.0   0.433   3.775   2.536   -0.0026       6.62    -0.1223   0.1742   0.733     0.4459     0.06326   
  1.4    6.14134    4654.0   0.426   3.783   2.515   -0.0026       6.623   -0.1099   0.1846   0.7425    0.4454     0.06645   
  1.4    6.150563   4654.0   0.42    3.789   2.497   -0.0031       6.625   -0.0993   0.1949   0.7523    0.4449     0.06962   
  1.4    6.162744   4653.0   0.411   3.797   2.473   -0.0031       6.628   -0.0852   0.2052   0.7597    0.4444     0.07275   
  1.4    6.170825   4653.0   0.406   3.803   2.458   -0.0035       6.631   -0.0758   0.2155   0.769     0.4438     0.07588   
  1.4    6.179017   4653.0   0.4     3.808   2.442   -0.0035       6.633   -0.0662   0.2155   0.7638    0.4438     0.07583   
  1.4    6.190841   4653.0   0.392   3.816   2.42    -0.0039       6.636   -0.0523   0.2361   0.7838    0.4426     0.08205   
  1.4    6.202837   4652.0   0.384   3.824   2.398   -0.0039       6.639   -0.0382   0.2465   0.7892    0.442      0.08509   
  1.4    6.210648   4652.0   0.379   3.829   2.384   -0.0044       6.641   -0.029    0.2568   0.797     0.4413     0.08815   
  1.4    6.221685   4652.0   0.372   3.836   2.364   -0.0048       6.644   -0.0158   0.2671   0.8021    0.4406     0.09115   
  1.4    6.229984   4652.0   0.366   3.842   2.349   -0.0048       6.646   -0.0059   0.2774   0.8088    0.4399     0.09417   
  1.4    6.239382   4652.0   0.36    3.848   2.333   -0.0052       6.649   0.0054    0.2774   0.8024    0.4399     0.09407   
  1.4    6.249492   4652.0   0.353   3.855   2.315   -0.0057       6.651   0.0176    0.2981   0.8191    0.4384     0.1001    
  1.4    6.259082   4652.0   0.347   3.861   2.298   -0.0057       6.654   0.0293    0.3084   0.824     0.4376     0.1031    
  1.4    6.269349   4652.0   0.34    3.868   2.281   -0.0061       6.657   0.0418    0.3187   0.828     0.4368     0.106     
  1.4    6.279167   4652.0   0.334   3.874   2.264   -0.0066       6.659   0.0538    0.329    0.8321    0.436      0.1089    
  1.4    6.292604   4652.0   0.326   3.883   2.242   -0.007        6.662   0.0704    0.3393   0.8334    0.435      0.1117    
  1.4    6.305831   4653.0   0.317   3.891   2.22    -0.0074       6.666   0.0867    0.36     0.8449    0.4333     0.1176    
  1.4    6.312801   4653.0   0.313   3.895   2.209   -0.0079       6.668   0.0954    0.3703   0.8502    0.4324     0.1205    
  1.4    6.319745   4653.0   0.309   3.9     2.198   -0.0079       6.669   0.104     0.3703   0.8452    0.4323     0.1203    
  1.4    6.33355    4654.0   0.3     3.908   2.176   -0.0088       6.673   0.1214    0.3909   0.8551    0.4303     0.1261    
  1.4    6.34041    4654.0   0.296   3.913   2.165   -0.0088       6.675   0.1301    0.3982   0.8569    0.4296     0.128     
  1.4    6.354055   4655.0   0.288   3.921   2.144   -0.0097       6.678   0.1474    0.4127   0.8604    0.4281     0.1319    
  1.4    6.360836   4655.0   0.284   3.925   2.134   -0.0097       6.68    0.1561    0.4265   0.868     0.4267     0.1358    
  1.4    6.374321   4656.0   0.276   3.934   2.113   -0.0101       6.684   0.1734    0.4402   0.8703    0.4252     0.1394    
  1.4    6.381027   4657.0   0.272   3.938   2.103   -0.0106       6.685   0.1821    0.4402   0.8653    0.425      0.1392    
  1.4    6.394362   4658.0   0.264   3.946   2.083   -0.011        6.689   0.1994    0.4677   0.8793    0.4221     0.1467    
  1.4    6.400994   4659.0   0.26    3.95    2.074   -0.0114       6.69    0.2081    0.4677   0.8743    0.4219     0.1465    
  1.4    6.414183   4660.0   0.253   3.958   2.055   -0.0123       6.694   0.2254    0.4815   0.876     0.4202     0.1501    
  1.4    6.420738   4661.0   0.249   3.962   2.046   -0.0123       6.696   0.2341    0.4952   0.8825    0.4186     0.1538    
  1.4    6.433773   4663.0   0.242   3.97    2.027   -0.0132       6.699   0.2515    0.509    0.8839    0.4168     0.1573    
  1.4    6.440251   4664.0   0.239   3.974   2.018   -0.0132       6.701   0.2601    0.5227   0.8902    0.4151     0.161     
  1.4    6.453129   4666.0   0.232   3.981   2.001   -0.0141       6.704   0.2775    0.532    0.8877    0.4137     0.1631    
  1.4    6.459527   4667.0   0.229   3.985   1.992   -0.0146       6.706   0.2862    0.5413   0.8903    0.4124     0.1655    
  1.4    6.472243   4669.0   0.222   3.993   1.975   -0.015        6.709   0.3036    0.5636   0.8981    0.4094     0.1713    
  1.4    6.484848   4672.0   0.216   4.0     1.958   -0.0155       6.713   0.3209    0.5766   0.8983    0.4074     0.1744    
  1.4    6.491108   4673.0   0.213   4.003   1.95    -0.0159       6.715   0.3296    0.5766   0.8933    0.4072     0.1741    
  1.4    6.503548   4676.0   0.206   4.011   1.934   -0.0168       6.718   0.347     0.6026   0.9036    0.4034     0.1809    
  1.4    6.509727   4678.0   0.204   4.014   1.927   -0.0168       6.72    0.3557    0.6026   0.8987    0.4032     0.1806    
  1.4    6.522002   4681.0   0.198   4.021   1.911   -0.0177       6.723   0.3731    0.6286   0.9087    0.3993     0.1873    
  1.4    6.534168   4684.0   0.192   4.028   1.896   -0.0182       6.726   0.3904    0.6416   0.9088    0.3971     0.1903    
  1.4    6.540212   4686.0   0.19    4.031   1.889   -0.0186       6.728   0.3991    0.6416   0.9038    0.3968     0.1899    
  1.4    6.552217   4690.0   0.184   4.038   1.875   -0.0191       6.732   0.4165    0.666    0.9124    0.3929     0.1961    
  1.4    6.564115   4694.0   0.179   4.044   1.861   -0.0195       6.735   0.4339    0.6773   0.9111    0.3907     0.1985    
  1.4    6.570024   4696.0   0.177   4.047   1.854   -0.02         6.737   0.4426    0.6886   0.9146    0.3887     0.2013    
  1.4    6.581759   4700.0   0.172   4.054   1.841   -0.0205       6.74    0.46      0.7043   0.9166    0.3858     0.2049    
  1.4    6.593382   4705.0   0.168   4.06    1.828   -0.0209       6.744   0.4774    0.72     0.9185    0.3828     0.2084    
  1.4    6.599151   4708.0   0.166   4.063   1.822   -0.0214       6.745   0.4861    0.7278   0.9195    0.3812     0.2102    
  1.4    6.610603   4713.0   0.162   4.069   1.809   -0.0218       6.749   0.5035    0.7435   0.9214    0.3781     0.2137    
  1.4    6.621936   4719.0   0.158   4.074   1.797   -0.0223       6.753   0.5209    0.7591   0.9234    0.3749     0.2172    
  1.4    6.63315    4725.0   0.155   4.08    1.786   -0.0227       6.756   0.5383    0.7748   0.9255    0.3716     0.2206    
  1.4    6.644246   4731.0   0.152   4.086   1.774   -0.0232       6.76    0.5557    0.7905   0.9276    0.3682     0.224     
  1.4    6.649749   4734.0   0.15    4.088   1.769   -0.0232       6.761   0.5644    0.7983   0.9287    0.3665     0.2256    
  1.4    6.660663   4741.0   0.147   4.093   1.758   -0.0237       6.765   0.5819    0.814    0.9309    0.3629     0.229     
  1.4    6.67146    4748.0   0.145   4.099   1.748   -0.0241       6.768   0.5993    0.8297   0.9332    0.3593     0.2323    
  1.4    6.682136   4755.0   0.143   4.104   1.738   -0.0246       6.772   0.6167    0.8375   0.9297    0.3571     0.2332    
  1.4    6.692692   4763.0   0.141   4.108   1.728   -0.0246       6.776   0.6342    0.8532   0.9322    0.3534     0.2364    
  1.4    6.703128   4771.0   0.139   4.113   1.719   -0.025        6.779   0.6516    0.8688   0.9349    0.3495     0.2396    
  1.4    6.713444   4780.0   0.137   4.118   1.71    -0.0255       6.783   0.669     0.8767   0.9316    0.3472     0.2404    
  1.4    6.723639   4789.0   0.136   4.122   1.702   -0.0255       6.787   0.6865    0.8904   0.933     0.3436     0.2429    
  1.4    6.733712   4798.0   0.135   4.126   1.693   -0.0259       6.79    0.7039    0.9041   0.9345    0.3399     0.2454    
  1.4    6.743661   4807.0   0.135   4.13    1.685   -0.0264       6.794   0.7214    0.9178   0.9361    0.3361     0.2478    
  1.4    6.753488   4817.0   0.134   4.134   1.678   -0.0264       6.798   0.7389    0.9394   0.9441    0.3305     0.2525    
  1.4    6.763191   4827.0   0.134   4.138   1.671   -0.0264       6.802   0.7563    0.955    0.9478    0.326      0.2555    
  1.4    6.772773   4837.0   0.135   4.141   1.664   -0.0269       6.805   0.7738    0.9629   0.9453    0.3233     0.256     
  1.4    6.78223    4849.0   0.135   4.145   1.657   -0.0269       6.809   0.7913    0.9785   0.9493    0.3187     0.2589    
  1.4    6.791564   4860.0   0.136   4.148   1.651   -0.0269       6.813   0.8087    0.9942   0.9536    0.3139     0.2617    
  1.4    6.800773   4872.0   0.137   4.151   1.646   -0.0273       6.817   0.8262    1.002    0.9516    0.311      0.2621    
  1.4    6.809859   4884.0   0.139   4.154   1.64    -0.0273       6.821   0.8437    1.0177   0.9564    0.306      0.2648    
  1.4    6.823253   4903.0   0.142   4.158   1.633   -0.0273       6.827   0.8699    1.0334   0.9573    0.3005     0.2665    
  1.4    6.832026   4918.0   0.144   4.16    1.628   -0.0273       6.831   0.8874    1.0491   0.9628    0.2952     0.2691    
  1.4    6.840674   4932.0   0.147   4.163   1.624   -0.0278       6.835   0.9049    1.0569   0.9616    0.292      0.2693    
  1.4    6.849195   4948.0   0.15    4.165   1.62    -0.0278       6.839   0.9224    1.0726   0.9678    0.2866     0.2718    
  1.4    6.86174    4971.0   0.156   4.167   1.615   -0.0278       6.846   0.9487    1.0882   0.9704    0.2804     0.2732    
  1.4    6.869948   4988.0   0.16    4.169   1.612   -0.0278       6.85    0.9662    1.1019   0.9757    0.2752     0.2751    
  1.4    6.882026   5012.0   0.166   4.171   1.608   -0.0278       6.856   0.9925    1.1196   0.9815    0.268      0.2769    
  1.4    6.889923   5029.0   0.171   4.172   1.606   -0.0278       6.861   1.01      1.1274   0.9817    0.2645     0.2768    
  1.4    6.901543   5055.0   0.178   4.174   1.603   -0.0278       6.867   1.0363    1.1431   0.9868    0.2576     0.2778    
  1.4    6.909139   5073.0   0.184   4.174   1.602   -0.0278       6.872   1.0538    1.1509   0.9876    0.2538     0.2776    
  1.4    6.920312   5100.0   0.193   4.175   1.601   -0.0278       6.878   1.0802    1.1666   0.994     0.2466     0.2784    
  1.4    6.931222   5129.0   0.202   4.175   1.6     -0.0278       6.885   1.1065    1.1823   1.001     0.2391     0.2792    
  1.4    6.941868   5159.0   0.213   4.175   1.601   -0.0278       6.892   1.1328    1.1976   1.01      0.2315     0.2798    
  1.4    6.952197   5190.0   0.224   4.174   1.602   -0.0278       6.899   1.159     1.2156   1.023     0.2224     0.2812    
  1.4    6.962076   5221.0   0.235   4.173   1.604   -0.0278       6.906   1.1847    1.229    1.032     0.215      0.2811    
  1.4    6.971458   5252.0   0.247   4.172   1.607   -0.0278       6.913   1.2096    1.2404   1.039     0.2082     0.2803    
  1.4    6.980422   5283.0   0.259   4.17    1.611   -0.0278       6.92    1.2341    1.2473   1.04      0.2035     0.278     
  1.4    6.99171    5324.0   0.276   4.166   1.617   -0.0278       6.929   1.2656    1.2658   1.059     0.1923     0.2782    
  1.4    6.999699   5353.0   0.288   4.164   1.622   -0.0278       6.935   1.2885    1.2769   1.071     0.185      0.2775    
  1.4    7.009778   5392.0   0.305   4.159   1.63    -0.0278       6.944   1.3181    1.2872   1.079     0.1774     0.2749    
  1.4    7.019158   5429.0   0.322   4.154   1.64    -0.0278       6.953   1.3464    1.3008   1.099     0.1674     0.2737    
  1.4    7.030012   5474.0   0.343   4.147   1.653   -0.0278       6.963   1.3802    1.313    1.116     0.1575     0.2707    
  1.4    7.039925   5517.0   0.364   4.14    1.667   -0.0278       6.973   1.412     1.3268   1.143     0.1457     0.2685    
  1.4    7.049024   5557.0   0.385   4.132   1.683   -0.0278       6.982   1.442     1.3376   1.167     0.1354     0.2655    
  1.4    7.06046    5610.0   0.414   4.12    1.706   -0.0278       6.995   1.4809    1.3504   1.201     0.1218     0.2609    
  1.4    7.069224   5654.0   0.437   4.11    1.726   -0.0278       7.005   1.5122    1.3602   1.235     0.1102     0.2571    
  1.4    7.079655   5708.0   0.467   4.096   1.752   -0.0278       7.018   1.55      1.3703   1.279     0.09629    0.2517    
  1.4    7.089919   5764.0   0.497   4.083   1.78    -0.0278       7.032   1.5884    1.3792   1.33      0.08182    0.2458    
  1.4    7.099007   5818.0   0.525   4.071   1.804   -0.0278       7.044   1.6233    1.3855   1.377     0.06925    0.2399    
  1.4    7.10972    5886.0   0.557   4.059   1.829   -0.0278       7.06    1.6652    1.3908   1.43      0.05601    0.2322    
  1.4    7.119279   5953.0   0.585   4.051   1.847   -0.0278       7.075   1.7028    1.3939   1.468     0.04615    0.2249    
  1.4    7.129016   6024.0   0.613   4.044   1.861   -0.0278       7.092   1.7404    1.3967   1.523     0.03472    0.2178    
  1.4    7.139306   6104.0   0.64    4.04    1.87    -0.0278       7.111   1.7773    1.3982   1.564     0.02577    0.2101    
  1.4    7.149465   6188.0   0.663   4.04    1.869   -0.0278       7.132   1.8091    1.3992   1.604     0.0178     0.2031    
  1.4    7.159092   6271.0   0.681   4.046   1.858   -0.0278       7.151   1.8344    1.3996   1.632     0.01203    0.1975    
  1.4    7.169069   6359.0   0.693   4.057   1.833   -0.0278       7.171   1.8535    1.3999   1.645     0.007794   0.1932    
  1.4    7.17921    6445.0   0.697   4.078   1.791   -0.0278       7.19    1.8641    1.3999   1.641     0.004874   0.191     
  1.4    7.189454   6516.0   0.687   4.107   1.731   -0.0278       7.204   1.8633    1.4      1.609     0.003365   0.1915    
  1.4    7.199985   6556.0   0.659   4.145   1.657   -0.0278       7.213   1.8505    1.4      1.548     0.002947   0.1955    
  1.4    7.209751   6560.0   0.62    4.185   1.583   -0.0278       7.216   1.835     1.4      1.474     0.003371   0.2017    
  1.4    7.219668   6542.0   0.576   4.224   1.513   -0.0278       7.217   1.8219    1.4      1.399     0.004392   0.2091    
  1.4    7.229636   6511.0   0.534   4.259   1.454   -0.0278       7.217   1.8119    1.3999   1.332     0.005981   0.2165    
  1.4    7.241103   6475.0   0.497   4.285   1.41    -0.0278       7.215   1.805     1.3998   1.277     0.008096   0.223     
  1.4    7.249348   6456.0   0.482   4.296   1.393   -0.0278       7.214   1.8029    1.3998   1.258     0.008995   0.2257    
  1.4    7.260953   6442.0   0.474   4.3     1.386   -0.0278       7.213   1.8033    1.3998   1.247     0.009801   0.2272    
  1.4    7.277139   6442.0   0.478   4.296   1.393   -0.0278       7.213   1.808     1.3998   1.252     0.009795   0.2263    
  1.4    7.287417   6449.0   0.484   4.291   1.401   -0.0278       7.213   1.8118    1.3998   1.263     0.009202   0.225     
  1.4    7.299435   6461.0   0.492   4.286   1.408   -0.0278       7.214   1.817     1.3998   1.274     0.00856    0.2235    
  1.4    7.313433   6475.0   0.5     4.282   1.415   -0.0278       7.215   1.8227    1.3999   1.284     0.007854   0.2219    
  1.4    7.329654   6492.0   0.507   4.28    1.419   -0.0278       7.217   1.8304    1.3999   1.293     0.007057   0.2203    
  1.4    7.347371   6514.0   0.515   4.278   1.422   -0.0278       7.219   1.8406    1.3999   1.301     0.006308   0.2185    
  1.4    7.362758   6538.0   0.523   4.276   1.425   -0.0278       7.222   1.8525    1.3999   1.31      0.005446   0.2167    
  1.4    7.375175   6562.0   0.531   4.275   1.427   -0.0278       7.224   1.8642    1.3999   1.32      0.004627   0.2149    
  1.4    7.385258   6584.0   0.538   4.273   1.429   -0.0278       7.226   1.8752    1.4      1.328     0.004023   0.2134    
  1.4    7.393486   6605.0   0.544   4.273   1.431   -0.0278       7.228   1.8859    1.4      1.335     0.003494   0.2121    
  1.4    7.400225   6622.0   0.55    4.272   1.432   -0.0278       7.229   1.8948    1.4      1.34      0.00313    0.211     
  1.4    7.405761   6638.0   0.554   4.272   1.432   -0.0278       7.23    1.9025    1.4      1.343     0.002861   0.2101    
  1.4    7.410323   6650.0   0.557   4.272   1.432   -0.0278       7.23    1.9088    1.4      1.346     0.002665   0.2094    
  1.4    7.414087   6661.0   0.56    4.272   1.432   -0.0278       7.231   1.9134    1.4      1.348     0.002481   0.2089    
  1.4    7.417199   6669.0   0.562   4.272   1.432   -0.0278       7.231   1.9171    1.4      1.352     0.002282   0.2085    
  1.4    7.419777   6676.0   0.563   4.272   1.431   -0.0278       7.232   1.9199    1.4      1.351     0.00222    0.2082    
  1.4    7.429248   6699.0   0.568   4.274   1.429   -0.0278       7.234   1.9285    1.4      1.354     0.001888   0.2073    
  1.4    7.440137   6720.0   0.57    4.277   1.423   -0.0278       7.237   1.9339    1.4      1.353     0.001656   0.2069    
  1.4    7.451751   6732.0   0.568   4.282   1.415   -0.0278       7.239   1.9361    1.4      1.348     0.001526   0.2071    
  1.4    7.463559   6739.0   0.565   4.287   1.407   -0.0278       7.241   1.9369    1.4      1.34      0.001526   0.2075    
  1.4    7.471116   6741.0   0.563   4.289   1.403   -0.0278       7.242   1.9373    1.4      1.338     0.00148    0.2078    
  1.4    7.480016   6743.0   0.561   4.292   1.4     -0.0278       7.242   1.9378    1.4      1.335     0.00148    0.208     
  1.4    7.490459   6745.0   0.56    4.293   1.397   -0.0278       7.243   1.9383    1.4      1.332     0.00148    0.2082    
  1.4    7.502669   6746.0   0.559   4.295   1.395   -0.0278       7.244   1.9385    1.4      1.33      0.00148    0.2083    
  1.4    7.516882   6748.0   0.558   4.296   1.393   -0.0278       7.244   1.9387    1.4      1.328     0.00148    0.2084    
  1.4    7.533345   6750.0   0.558   4.297   1.392   -0.0278       7.245   1.9389    1.4      1.328     0.001433   0.2084    
  1.4    7.55231    6751.0   0.558   4.297   1.391   -0.0278       7.245   1.9391    1.4      1.327     0.001433   0.2084    
  1.4    7.574028   6754.0   0.558   4.298   1.39    -0.0278       7.246   1.9397    1.4      1.326     0.001433   0.2084    
  1.4    7.59873    6755.0   0.558   4.298   1.39    -0.0278       7.246   1.9398    1.4      1.327     0.001385   0.2084    
  1.4    7.626632   6757.0   0.558   4.298   1.389   -0.0278       7.247   1.9402    1.4      1.326     0.001384   0.2083    
  1.4    7.657906   6758.0   0.558   4.298   1.389   -0.0278       7.247   1.9403    1.4      1.326     0.001384   0.2083    
  1.4    7.692687   6758.0   0.558   4.298   1.389   -0.0278       7.247   1.9398    1.4      1.326     0.001384   0.2083    
  1.4    7.731049   6759.0   0.559   4.298   1.389   -0.0278       7.248   1.9404    1.4      1.326     0.001384   0.2082    
  1.4    7.773015   6761.0   0.559   4.298   1.389   -0.0278       7.248   1.9412    1.4      1.328     0.001334   0.2081    
  1.4    7.818546   6763.0   0.56    4.298   1.39    -0.0278       7.249   1.9421    1.4      1.328     0.001334   0.208     
  1.4    7.867545   6765.0   0.561   4.297   1.39    -0.0278       7.249   1.9432    1.4      1.33      0.001281   0.2079    
  1.4    7.919866   6766.0   0.562   4.297   1.391   -0.0278       7.25    1.9443    1.4      1.33      0.001281   0.2077    
  1.4    7.975321   6768.0   0.563   4.297   1.392   -0.0278       7.25    1.9454    1.4      1.331     0.001281   0.2076    
  1.4    8.033689   6766.0   0.563   4.296   1.393   -0.0278       7.251   1.9451    1.4      1.332     0.001281   0.2076    
  1.4    8.09473    6767.0   0.564   4.295   1.394   -0.0278       7.251   1.9466    1.4      1.333     0.001281   0.2074    
  1.4    8.158194   6767.0   0.565   4.294   1.396   -0.0278       7.252   1.9482    1.4      1.336     0.00124    0.2072    
  1.4    8.223825   6767.0   0.567   4.292   1.399   -0.0278       7.253   1.9501    1.4      1.338     0.00124    0.2069    
  1.4    8.291387   6767.0   0.569   4.29    1.402   -0.0278       7.253   1.9523    1.4      1.341     0.00124    0.2066    
  1.4    8.356592   6766.0   0.571   4.288   1.405   -0.0278       7.255   1.9546    1.4      1.344     0.00124    0.2063    
  1.4    8.413273   6764.0   0.573   4.286   1.409   -0.0278       7.256   1.9571    1.4      1.348     0.00124    0.206     
  1.4    8.463403   6763.0   0.575   4.283   1.413   -0.0278       7.257   1.9595    1.4      1.352     0.00124    0.2057    
  1.4    8.508341   6761.0   0.577   4.281   1.417   -0.0278       7.258   1.962     1.4      1.356     0.00124    0.2053    
  1.4    8.549062   6758.0   0.579   4.278   1.422   -0.0278       7.259   1.9644    1.4      1.36      0.00124    0.205     
  1.4    8.58629    6752.0   0.58    4.276   1.426   -0.0278       7.259   1.9637    1.4      1.363     0.001281   0.2049    
  1.4    8.620577   6750.0   0.582   4.273   1.43    -0.0278       7.26    1.9661    1.4      1.367     0.001281   0.2046    
  1.4    8.652356   6747.0   0.584   4.27    1.435   -0.0278       7.261   1.9686    1.4      1.37      0.001333   0.2042    
  1.4    8.681965   6745.0   0.586   4.267   1.439   -0.0278       7.262   1.9711    1.4      1.374     0.001333   0.2039    
  1.4    8.709685   6742.0   0.588   4.265   1.444   -0.0278       7.263   1.9736    1.4      1.378     0.001333   0.2036    
  1.4    8.73574    6736.0   0.589   4.262   1.448   -0.0278       7.264   1.9722    1.4      1.382     0.001384   0.2035    
  1.4    8.760321   6733.0   0.591   4.259   1.453   -0.0278       7.265   1.9747    1.4      1.386     0.001384   0.2031    
  1.4    8.783584   6730.0   0.593   4.257   1.457   -0.0278       7.266   1.9772    1.4      1.391     0.001384   0.2028    
  1.4    8.805665   6727.0   0.595   4.254   1.462   -0.0278       7.267   1.9798    1.4      1.393     0.001432   0.2025    
  1.4    8.826677   6724.0   0.597   4.251   1.467   -0.0278       7.268   1.9823    1.4      1.398     0.001432   0.2022    
  1.4    8.846719   6721.0   0.599   4.248   1.471   -0.0278       7.269   1.9849    1.4      1.403     0.001432   0.2019    
  1.4    8.865876   6718.0   0.601   4.245   1.476   -0.0278       7.27    1.9876    1.4      1.406     0.001479   0.2016    
  1.4    8.884225   6715.0   0.603   4.243   1.481   -0.0278       7.271   1.9903    1.4      1.41      0.001479   0.2013    
  1.4    8.901829   6708.0   0.604   4.24    1.486   -0.0278       7.271   1.9879    1.4      1.414     0.001525   0.2011    
  1.4    8.918748   6705.0   0.606   4.237   1.491   -0.0278       7.272   1.9905    1.4      1.417     0.001569   0.2008    
  1.4    8.935032   6702.0   0.608   4.234   1.496   -0.0278       7.273   1.9932    1.4      1.422     0.001569   0.2005    
  1.4    8.950728   6699.0   0.61    4.231   1.501   -0.0278       7.274   1.9959    1.4      1.427     0.00157    0.2002    
  1.4    8.965876   6695.0   0.612   4.228   1.506   -0.0278       7.276   1.9986    1.4      1.431     0.001612   0.1999    
  1.4    8.980513   6692.0   0.614   4.225   1.511   -0.0278       7.277   2.0014    1.4      1.436     0.001613   0.1996    
  1.4    8.994673   6688.0   0.616   4.222   1.516   -0.0278       7.278   2.0041    1.4      1.44      0.001654   0.1993    
  1.4    9.008387   6684.0   0.618   4.219   1.521   -0.0278       7.279   2.0069    1.4      1.445     0.001655   0.199     
  1.4    9.021681   6680.0   0.62    4.216   1.527   -0.0278       7.28    2.0098    1.4      1.449     0.001695   0.1987    
  1.4    9.034576   6672.0   0.621   4.213   1.532   -0.0278       7.28    2.0064    1.4      1.453     0.001755   0.1985    
  1.4    9.047103   6668.0   0.623   4.21    1.537   -0.0278       7.281   2.0092    1.4      1.456     0.001812   0.1982    
  1.4    9.059279   6664.0   0.625   4.207   1.543   -0.0278       7.282   2.012     1.4      1.462     0.001812   0.1979    
  1.4    9.071123   6659.0   0.627   4.204   1.549   -0.0278       7.284   2.0149    1.4      1.465     0.001886   0.1976    
  1.4    9.082653   6655.0   0.63    4.201   1.554   -0.0278       7.285   2.0179    1.4      1.471     0.001886   0.1973    
  1.4    9.09388    6651.0   0.632   4.197   1.56    -0.0278       7.286   2.021     1.4      1.475     0.001956   0.197     
  1.4    9.104828   6646.0   0.634   4.194   1.566   -0.0278       7.287   2.0243    1.4      1.481     0.001957   0.1967    
  1.4    9.115507   6642.0   0.636   4.191   1.572   -0.0278       7.288   2.0277    1.4      1.487     0.001957   0.1963    
  1.4    9.12593    6638.0   0.638   4.187   1.578   -0.0278       7.29    2.0315    1.4      1.49      0.002025   0.196     
  1.4    9.136108   6635.0   0.641   4.184   1.584   -0.0278       7.291   2.0356    1.4      1.496     0.002025   0.1956    
  1.4    9.146054   6632.0   0.643   4.181   1.59    -0.0278       7.293   2.0401    1.4      1.502     0.002025   0.1952    
  1.4    9.155773   6629.0   0.646   4.177   1.597   -0.0278       7.295   2.0449    1.4      1.508     0.002025   0.1948    
  1.4    9.165283   6626.0   0.649   4.174   1.603   -0.0278       7.296   2.0498    1.4      1.512     0.00209    0.1944    
  1.4    9.174589   6623.0   0.651   4.17    1.61    -0.0278       7.298   2.0547    1.4      1.518     0.00209    0.194     
  1.4    9.1837     6619.0   0.654   4.167   1.616   -0.0278       7.3     2.0598    1.4      1.525     0.002091   0.1936    
  1.4    9.192623   6614.0   0.657   4.163   1.623   -0.0278       7.302   2.0647    1.4      1.53      0.002154   0.1932    
  1.4    9.201364   6608.0   0.659   4.159   1.631   -0.0278       7.303   2.0693    1.4      1.535     0.002216   0.1929    
  1.4    9.209936   6601.0   0.661   4.155   1.638   -0.0278       7.305   2.0737    1.4      1.541     0.002277   0.1926    
  1.4    9.218341   6592.0   0.663   4.151   1.646   -0.0278       7.307   2.0778    1.4      1.546     0.002392   0.1924    
  1.4    9.226587   6583.0   0.665   4.146   1.654   -0.0278       7.309   2.0822    1.4      1.553     0.002476   0.1922    
  1.4    9.234679   6572.0   0.666   4.142   1.663   -0.0278       7.31    2.0864    1.4      1.557     0.002659   0.192     
  1.4    9.242621   6561.0   0.668   4.137   1.672   -0.0278       7.312   2.0903    1.4      1.562     0.002853   0.1919    
  1.4    9.250422   6548.0   0.669   4.133   1.681   -0.0278       7.313   2.0934    1.4      1.567     0.003034   0.1918    
  1.4    9.258086   6535.0   0.671   4.128   1.69    -0.0278       7.315   2.0973    1.4      1.574     0.003206   0.1918    
  1.4    9.265617   6521.0   0.672   4.123   1.7     -0.0278       7.316   2.1011    1.4      1.578     0.003482   0.1918    
  1.4    9.27302    6506.0   0.673   4.118   1.709   -0.0278       7.318   2.1049    1.4      1.584     0.003738   0.1918    
  1.4    9.279092   6491.0   0.674   4.113   1.719   -0.0278       7.319   2.1086    1.4      1.586     0.004136   0.1919    
  1.4    9.28544    6492.0   0.678   4.109   1.727   -0.0278       7.316   2.0893    1.4      1.596     0.004008   0.1913    
  1.4    9.29066    6484.0   0.68    4.105   1.735   -0.0278       7.318   2.0951    1.4      1.602     0.004137   0.191     
  1.4    9.296843   6476.0   0.681   4.101   1.743   -0.0278       7.319   2.0991    1.4      1.604     0.004377   0.1909    
  1.4    9.303358   6464.0   0.682   4.097   1.751   -0.0278       7.321   2.1028    1.3999   1.61      0.004607   0.1909    
  1.4    9.309351   6449.0   0.683   4.092   1.761   -0.0278       7.322   2.1065    1.3999   1.612     0.00503    0.191     
  1.4    9.314861   6435.0   0.684   4.087   1.771   -0.0278       7.324   2.11      1.3999   1.616     0.005418   0.1911    
  1.4    9.319955   6422.0   0.685   4.083   1.779   -0.0278       7.325   2.1133    1.3999   1.62      0.00578    0.1912    
  1.4    9.32468    6409.0   0.686   4.079   1.788   -0.0278       7.326   2.1165    1.3999   1.624     0.006114   0.1914    
  1.4    9.329082   6397.0   0.686   4.075   1.796   -0.0278       7.327   2.1196    1.3999   1.626     0.006577   0.1915    
  1.4    9.333197   6385.0   0.687   4.071   1.804   -0.0278       7.328   2.1225    1.3999   1.628     0.007008   0.1917    
  1.4    9.337054   6373.0   0.687   4.068   1.811   -0.0278       7.329   2.1254    1.3999   1.632     0.007284   0.1919    
  1.4    9.34068    6363.0   0.688   4.064   1.818   -0.0278       7.33    2.1282    1.3999   1.632     0.007795   0.192     
  1.4    9.344095   6352.0   0.688   4.061   1.825   -0.0278       7.331   2.131     1.3998   1.637     0.008044   0.1922    
  1.4    9.347322   6342.0   0.688   4.058   1.832   -0.0278       7.332   2.1336    1.3998   1.638     0.008494   0.1924    
  1.4    9.35037    6333.0   0.689   4.055   1.838   -0.0278       7.333   2.1363    1.3998   1.639     0.00892    0.1926    
  1.4    9.353256   6324.0   0.689   4.052   1.843   -0.0278       7.334   2.1389    1.3998   1.639     0.009421   0.1928    
  1.4    9.355991   6315.0   0.689   4.05    1.849   -0.0278       7.335   2.1415    1.3998   1.642     0.009714   0.193     
  1.4    9.358588   6307.0   0.689   4.047   1.854   -0.0278       7.336   2.1441    1.3997   1.643     0.01009    0.1932    
  1.4    9.361059   6299.0   0.689   4.045   1.859   -0.0278       7.337   2.1466    1.3997   1.645     0.01044    0.1934    
  1.4    9.363415   6291.0   0.69    4.043   1.864   -0.0278       7.338   2.1491    1.3997   1.646     0.01079    0.1935    
  1.4    9.365658   6284.0   0.69    4.041   1.869   -0.0278       7.338   2.1515    1.3997   1.647     0.01112    0.1937    
  1.4    9.367803   6277.0   0.69    4.038   1.873   -0.0278       7.339   2.1539    1.3997   1.649     0.01143    0.1939    
  1.4    9.369854   6270.0   0.69    4.036   1.878   -0.0278       7.34    2.1562    1.3997   1.651     0.01173    0.1941    
  1.4    9.371816   6264.0   0.69    4.035   1.882   -0.0278       7.341   2.1585    1.3996   1.652     0.01203    0.1942    
  1.4    9.373695   6258.0   0.69    4.033   1.886   -0.0278       7.341   2.1607    1.3996   1.654     0.01231    0.1944    
  1.4    9.375497   6252.0   0.691   4.031   1.89    -0.0278       7.342   2.1629    1.3996   1.655     0.01259    0.1945    
  1.4    9.377228   6247.0   0.691   4.029   1.893   -0.0278       7.343   2.1651    1.3996   1.655     0.01299    0.1947    
  1.4    9.378886   6241.0   0.691   4.028   1.897   -0.0278       7.344   2.1672    1.3995   1.654     0.01338    0.1948    
  1.4    9.380475   6236.0   0.691   4.026   1.9     -0.0278       7.344   2.1695    1.3995   1.652     0.01387    0.195     
  1.4    9.382003   6231.0   0.691   4.025   1.903   -0.0278       7.345   2.1718    1.3995   1.657     0.01389    0.1951    
  1.4    9.383469   6227.0   0.691   4.023   1.906   -0.0278       7.346   2.174     1.3995   1.655     0.01436    0.1952    
  1.4    9.38488    6222.0   0.691   4.022   1.909   -0.0278       7.346   2.1762    1.3995   1.659     0.01437    0.1954    
  1.4    9.386238   6218.0   0.691   4.021   1.912   -0.0278       7.347   2.1784    1.3994   1.657     0.01483    0.1955    
  1.4    9.387545   6214.0   0.692   4.019   1.915   -0.0278       7.348   2.1805    1.3994   1.655     0.01527    0.1956    
  1.4    9.388803   6210.0   0.692   4.018   1.918   -0.0278       7.348   2.1827    1.3994   1.659     0.01528    0.1957    
  1.4    9.390016   6207.0   0.692   4.017   1.92    -0.0278       7.349   2.1848    1.3994   1.657     0.01568    0.1958    
  1.4    9.391187   6203.0   0.692   4.016   1.923   -0.0278       7.35    2.1864    1.3994   1.661     0.0157     0.1959    
  1.4    9.392319   6199.0   0.692   4.015   1.925   -0.0278       7.35    2.1884    1.3993   1.659     0.01609    0.196     
  1.4    9.39341    6196.0   0.692   4.014   1.928   -0.0278       7.351   2.1906    1.3993   1.662     0.0161     0.1961    
  1.4    9.394464   6193.0   0.693   4.013   1.93    -0.0278       7.352   2.1927    1.3993   1.66      0.01648    0.1961    
  1.4    9.395482   6190.0   0.693   4.012   1.932   -0.0278       7.352   2.1943    1.3993   1.663     0.01649    0.1962    
  1.4    9.39647    6187.0   0.693   4.011   1.935   -0.0278       7.353   2.1964    1.3993   1.661     0.01686    0.1963    
  1.4    9.397422   6185.0   0.693   4.01    1.937   -0.0278       7.354   2.1984    1.3993   1.664     0.01686    0.1963    
  1.4    9.398345   6182.0   0.693   4.009   1.939   -0.0278       7.354   2.2001    1.3993   1.667     0.01687    0.1964    
  1.4    9.399237   6180.0   0.694   4.008   1.941   -0.0278       7.355   2.2022    1.3992   1.665     0.01723    0.1964    
  1.4    9.400101   6177.0   0.694   4.007   1.943   -0.0278       7.355   2.2038    1.3992   1.668     0.01724    0.1965    
  1.4    9.400938   6175.0   0.694   4.006   1.945   -0.0278       7.356   2.2058    1.3992   1.67      0.01724    0.1965    
  1.4    9.40175    6173.0   0.694   4.005   1.946   -0.0278       7.356   2.2076    1.3992   1.665     0.01776    0.1965    
  1.4    9.402536   6171.0   0.695   4.004   1.948   -0.0278       7.357   2.2095    1.3992   1.668     0.01777    0.1965    
  1.4    9.403299   6169.0   0.695   4.004   1.95    -0.0278       7.358   2.2113    1.3992   1.67      0.01777    0.1966    
  1.4    9.40404    6168.0   0.695   4.003   1.951   -0.0278       7.358   2.2133    1.3992   1.672     0.01778    0.1966    
  1.4    9.404755   6166.0   0.695   4.002   1.953   -0.0278       7.359   2.2151    1.3991   1.667     0.01828    0.1966    
  1.4    9.405447   6165.0   0.696   4.002   1.955   -0.0278       7.359   2.2172    1.3991   1.669     0.01828    0.1965    
  1.4    9.406118   6163.0   0.696   4.001   1.956   -0.0278       7.36    2.2192    1.3991   1.671     0.01829    0.1965    
  1.4    9.406767   6162.0   0.696   4.0     1.958   -0.0278       7.361   2.2213    1.3991   1.672     0.01829    0.1965    
  1.4    9.407396   6161.0   0.697   3.999   1.959   -0.0278       7.362   2.2235    1.3991   1.674     0.01829    0.1965    
  1.4    9.408006   6161.0   0.697   3.999   1.961   -0.0278       7.362   2.2255    1.3991   1.675     0.01829    0.1964    
  1.4    9.408596   6159.0   0.697   3.998   1.962   -0.0278       7.363   2.2271    1.3991   1.677     0.0183     0.1965    
  1.4    9.409169   6158.0   0.697   3.998   1.963   -0.0278       7.363   2.2289    1.3991   1.678     0.0183     0.1964    
  1.4    9.409725   6158.0   0.698   3.997   1.965   -0.0278       7.364   2.231     1.3991   1.68      0.0183     0.1964    
  1.4    9.410264   6157.0   0.698   3.997   1.966   -0.0278       7.364   2.2329    1.3991   1.681     0.0183     0.1963    
  1.4    9.410786   6156.0   0.699   3.996   1.967   -0.0278       7.365   2.2346    1.3991   1.673     0.01894    0.1963    
  1.4    9.411295   6156.0   0.699   3.996   1.968   -0.0278       7.366   2.2365    1.3991   1.675     0.01894    0.1962    
  1.4    9.411786   6155.0   0.699   3.995   1.97    -0.0278       7.366   2.2385    1.3991   1.676     0.01894    0.1961    
  1.4    9.412266   6155.0   0.7     3.995   1.971   -0.0278       7.367   2.2402    1.3991   1.676     0.01894    0.1961    
  1.4    9.412729   6154.0   0.7     3.994   1.972   -0.0278       7.367   2.242     1.3991   1.677     0.01894    0.1961    
  1.4    9.413181   6154.0   0.701   3.993   1.973   -0.0278       7.368   2.244     1.3991   1.678     0.01894    0.196     
  1.4    9.413618   6154.0   0.701   3.993   1.974   -0.0278       7.369   2.2457    1.3991   1.679     0.01894    0.1959    
  1.4    9.414045   6154.0   0.701   3.993   1.975   -0.0278       7.369   2.2475    1.3991   1.68      0.01894    0.1959    
  1.4    9.414459   6154.0   0.702   3.992   1.976   -0.0278       7.37    2.2493    1.3991   1.68      0.01894    0.1958    
  1.4    9.414861   6154.0   0.702   3.992   1.977   -0.0278       7.37    2.2511    1.3991   1.681     0.01894    0.1957    
  1.4    9.415252   6154.0   0.703   3.991   1.978   -0.0278       7.371   2.2529    1.3991   1.69      0.0183     0.1957    
  1.4    9.415633   6154.0   0.703   3.991   1.979   -0.0278       7.371   2.2545    1.3991   1.691     0.0183     0.1956    
  1.4    9.416003   6154.0   0.704   3.991   1.98    -0.0278       7.372   2.2563    1.3991   1.691     0.01829    0.1955    
  1.4    9.416363   6155.0   0.704   3.99    1.98    -0.0278       7.372   2.258     1.3991   1.692     0.01829    0.1954    
  1.4    9.416712   6155.0   0.705   3.99    1.981   -0.0278       7.373   2.2598    1.3991   1.692     0.01829    0.1953    
  1.4    9.417053   6155.0   0.705   3.989   1.982   -0.0278       7.374   2.2615    1.3991   1.693     0.01829    0.1953    
  1.4    9.417384   6156.0   0.706   3.989   1.983   -0.0278       7.374   2.2633    1.3991   1.693     0.01828    0.1951    
  1.4    9.417706   6156.0   0.706   3.989   1.984   -0.0278       7.375   2.265     1.3991   1.693     0.01828    0.195     
  1.4    9.418019   6157.0   0.707   3.988   1.985   -0.0278       7.375   2.2667    1.3991   1.693     0.01828    0.1949    
  1.4    9.418324   6158.0   0.707   3.988   1.985   -0.0278       7.376   2.2684    1.3991   1.694     0.01827    0.1948    
  1.4    9.418623   6158.0   0.708   3.988   1.986   -0.0278       7.376   2.2702    1.3991   1.694     0.01827    0.1947    
  1.4    9.418913   6159.0   0.708   3.987   1.987   -0.0278       7.377   2.2718    1.3991   1.694     0.01827    0.1946    
  1.4    9.419194   6160.0   0.709   3.987   1.988   -0.0278       7.378   2.2736    1.3992   1.701     0.01776    0.1945    
  1.4    9.419468   6160.0   0.709   3.987   1.988   -0.0278       7.378   2.2752    1.3992   1.701     0.01776    0.1944    
  1.4    9.419736   6161.0   0.71    3.986   1.989   -0.0278       7.379   2.277     1.3992   1.701     0.01776    0.1943    
  1.4    9.419997   6162.0   0.71    3.986   1.99    -0.0278       7.379   2.2786    1.3992   1.701     0.01775    0.1941    
  1.4    9.42025    6163.0   0.711   3.986   1.99    -0.0278       7.38    2.2803    1.3992   1.701     0.01775    0.194     
  1.4    9.420497   6164.0   0.711   3.986   1.991   -0.0278       7.38    2.282     1.3992   1.7       0.01774    0.1939    
  1.4    9.420738   6165.0   0.712   3.985   1.991   -0.0278       7.381   2.2837    1.3992   1.708     0.01722    0.1938    
  1.4    9.420973   6166.0   0.712   3.985   1.992   -0.0278       7.381   2.2853    1.3992   1.707     0.01722    0.1936    
  1.4    9.421202   6167.0   0.713   3.985   1.993   -0.0278       7.382   2.287     1.3992   1.707     0.01722    0.1935    
  1.4    9.421425   6168.0   0.713   3.985   1.993   -0.0278       7.382   2.2886    1.3992   1.707     0.01721    0.1934    
  1.4    9.42164    6169.0   0.714   3.984   1.994   -0.0278       7.383   2.2906    1.3993   1.712     0.01685    0.1933    
  1.4    9.421851   6171.0   0.715   3.984   1.995   -0.0278       7.383   2.2925    1.3993   1.711     0.01684    0.1931    
  1.4    9.422056   6173.0   0.716   3.983   1.996   -0.0278       7.384   2.2953    1.3993   1.711     0.01683    0.1928    
  1.4    9.422255   6175.0   0.717   3.983   1.996   -0.0278       7.385   2.2974    1.3993   1.716     0.01647    0.1926    
  1.4    9.422449   6177.0   0.718   3.983   1.997   -0.0278       7.386   2.2993    1.3993   1.715     0.01646    0.1924    
  1.4    9.422636   6178.0   0.718   3.983   1.997   -0.0278       7.386   2.3012    1.3993   1.714     0.01645    0.1923    
  1.4    9.422818   6180.0   0.719   3.983   1.998   -0.0278       7.387   2.303     1.3993   1.719     0.01607    0.1921    
  1.4    9.422997   6182.0   0.719   3.982   1.998   -0.0278       7.387   2.3048    1.3993   1.718     0.01607    0.1919    
  1.4    9.423169   6183.0   0.72    3.982   1.999   -0.0278       7.388   2.3067    1.3993   1.718     0.01606    0.1918    
  1.4    9.423338   6185.0   0.721   3.982   1.999   -0.0278       7.388   2.3085    1.3994   1.723     0.01567    0.1916    
  1.4    9.4235     6187.0   0.721   3.982   1.999   -0.0278       7.389   2.3104    1.3994   1.722     0.01566    0.1914    
  1.4    9.42366    6188.0   0.722   3.982   2.0     -0.0278       7.389   2.3122    1.3994   1.721     0.01566    0.1913    
  1.4    9.423814   6190.0   0.723   3.981   2.0     -0.0278       7.39    2.3141    1.3994   1.727     0.01526    0.1911    
  1.4    9.423965   6192.0   0.724   3.981   2.001   -0.0278       7.391   2.3159    1.3994   1.726     0.01525    0.1909    
  1.4    9.424112   6194.0   0.724   3.981   2.001   -0.0278       7.391   2.3178    1.3994   1.725     0.01524    0.1907    
  1.4    9.424254   6196.0   0.725   3.981   2.002   -0.0278       7.392   2.3196    1.3994   1.731     0.01481    0.1906    
  1.4    9.424393   6198.0   0.726   3.981   2.002   -0.0278       7.392   2.3214    1.3994   1.73      0.0148     0.1904    
  1.4    9.424529   6200.0   0.726   3.981   2.002   -0.0278       7.393   2.3233    1.3994   1.729     0.0148     0.1902    
  1.4    9.42466    6201.0   0.727   3.98    2.003   -0.0278       7.393   2.3251    1.3995   1.736     0.01434    0.19      
  1.4    9.424789   6203.0   0.728   3.98    2.003   -0.0278       7.394   2.3269    1.3995   1.735     0.01434    0.1898    
  1.4    9.424913   6205.0   0.729   3.98    2.004   -0.0278       7.394   2.3288    1.3995   1.734     0.01433    0.1896    
  1.4    9.425035   6207.0   0.729   3.98    2.004   -0.0278       7.395   2.3306    1.3995   1.733     0.01432    0.1894    
  1.4    9.425153   6209.0   0.73    3.98    2.005   -0.0278       7.396   2.3325    1.3995   1.74      0.01386    0.1893    
  1.4    9.425268   6211.0   0.731   3.979   2.005   -0.0278       7.396   2.3344    1.3995   1.739     0.01385    0.1891    
  1.4    9.425381   6213.0   0.732   3.979   2.006   -0.0278       7.397   2.3372    1.3995   1.738     0.01384    0.1889    
  1.4    9.42549    6215.0   0.732   3.979   2.006   -0.0278       7.397   2.339     1.3995   1.745     0.01336    0.1887    
