# Mass   time       Teff     L/Ls     g       R/Rs    Log(Li/Li0)   logTc   logROc    Mrad     Rrad      k2conv    k2rad     
  1.1    5.694315   4471.0   0.573    3.461   3.227   0.0           6.425   -0.5508   0.0      0.0       0.4481    0.0       
  1.1    5.700945   4471.0   0.568    3.466   3.209   0.0           6.427   -0.5438   0.0      0.0       0.4482    0.0       
  1.1    5.714236   4471.0   0.558    3.476   3.174   0.0           6.432   -0.5298   0.0      0.0       0.4483    0.0       
  1.1    5.720892   4470.0   0.554    3.48    3.157   0.0           6.434   -0.5227   0.0      0.0       0.4483    0.0       
  1.1    5.734236   4470.0   0.544    3.49    3.122   0.0           6.439   -0.5087   0.0      0.0       0.4484    0.0       
  1.1    5.74092    4470.0   0.539    3.495   3.105   0.0           6.441   -0.5017   0.0      0.0       0.4484    0.0       
  1.1    5.754318   4469.0   0.529    3.504   3.071   0.0           6.446   -0.4876   0.0      0.0       0.4485    0.0       
  1.1    5.761028   4469.0   0.525    3.509   3.055   0.0           6.448   -0.4806   0.0      0.0       0.4486    0.0       
  1.1    5.774478   4469.0   0.515    3.519   3.021   0.0           6.453   -0.4665   0.0      0.0       0.4487    0.0       
  1.1    5.781214   4469.0   0.51     3.523   3.005   0.0           6.455   -0.4595   0.0      0.0       0.4487    0.0       
  1.1    5.794715   4468.0   0.5      3.533   2.972   0.0           6.46    -0.4454   0.0      0.0       0.4488    0.0       
  1.1    5.801476   4468.0   0.495    3.538   2.956   0.0           6.462   -0.4384   0.0      0.0       0.4488    0.0       
  1.1    5.815028   4467.0   0.486    3.547   2.923   0.0           6.467   -0.4243   0.0      0.0       0.4489    0.0       
  1.1    5.821816   4467.0   0.481    3.552   2.907   0.0           6.469   -0.4173   0.0      0.0       0.449     0.0       
  1.1    5.835418   4466.0   0.471    3.561   2.876   0.0           6.474   -0.4032   0.0      0.0       0.449     0.0       
  1.1    5.842232   4466.0   0.466    3.566   2.86    0.0           6.476   -0.3961   0.0      0.0       0.4491    0.0       
  1.1    5.849052   4466.0   0.461    3.571   2.844   0.0           6.478   -0.3891   0.0      0.0       0.4491    0.0       
  1.1    5.862719   4465.0   0.451    3.581   2.813   0.0           6.483   -0.375    0.0      0.0       0.4492    0.0       
  1.1    5.869563   4465.0   0.446    3.585   2.798   0.0           6.485   -0.368    0.0      0.0       0.4492    0.0       
  1.1    5.883276   4464.0   0.437    3.595   2.767   0.0           6.49    -0.3539   0.0      0.0       0.4493    0.0       
  1.1    5.890144   4463.0   0.432    3.6     2.752   0.0           6.492   -0.3468   0.0      0.0       0.4494    0.0       
  1.1    5.903904   4463.0   0.422    3.609   2.722   0.0           6.497   -0.3327   0.0      0.0       0.4494    0.0       
  1.1    5.910793   4462.0   0.417    3.614   2.707   0.0           6.499   -0.3257   0.0      0.0       0.4495    0.0       
  1.1    5.924596   4461.0   0.407    3.624   2.677   0.0           6.504   -0.3116   0.0      0.0       0.4496    0.0       
  1.1    5.931505   4461.0   0.402    3.628   2.662   0.0           6.506   -0.3046   0.0      0.0       0.4496    0.0       
  1.1    5.945348   4460.0   0.392    3.638   2.633   0.0           6.511   -0.2905   0.0      0.0       0.4497    0.0       
  1.1    5.952279   4460.0   0.387    3.643   2.619   0.0           6.513   -0.2834   0.0      0.0       0.4497    0.0       
  1.1    5.959215   4459.0   0.382    3.648   2.604   0.0           6.516   -0.2764   0.0      0.0       0.4497    0.0       
  1.1    5.973108   4458.0   0.372    3.657   2.576   0.0           6.52    -0.2623   0.0      0.0       0.4498    0.0       
  1.1    5.980063   4458.0   0.367    3.662   2.562   0.0           6.523   -0.2553   0.0      0.0       0.4499    0.0       
  1.1    5.993995   4457.0   0.357    3.671   2.534   0.0           6.527   -0.2412   0.0      0.0       0.45      0.0       
  1.1    6.000967   4456.0   0.352    3.676   2.52    0.0           6.53    -0.2341   0.0      0.0       0.45      0.0       
  1.1    6.014932   4455.0   0.343    3.686   2.492   0.0           6.534   -0.2201   0.0      0.0       0.4501    0.0       
  1.1    6.021925   4455.0   0.338    3.691   2.478   -4.0E-4       6.537   -0.213    0.0      0.0       0.4501    0.0       
  1.1    6.035926   4454.0   0.328    3.7     2.451   -4.0E-4       6.541   -0.199    0.0      0.0       0.4502    0.0       
  1.1    6.042934   4453.0   0.323    3.705   2.438   -4.0E-4       6.544   -0.1919   0.0      0.0       0.4502    0.0       
  1.1    6.04995    4453.0   0.318    3.71    2.424   -4.0E-4       6.546   -0.1849   0.0      0.0       0.4503    0.0       
  1.1    6.063997   4452.0   0.307    3.719   2.398   -4.0E-4       6.551   -0.1709   0.0      0.0       0.4503    0.0       
  1.1    6.071035   4451.0   0.302    3.724   2.385   -4.0E-4       6.553   -0.1639   0.0      0.0       0.4504    0.0       
  1.1    6.085119   4450.0   0.292    3.734   2.359   -9.0E-4       6.558   -0.1498   0.0      0.0       0.4505    0.0       
  1.1    6.092173   4449.0   0.287    3.738   2.346   -9.0E-4       6.56    -0.1428   0.0      0.0       0.4505    0.0       
  1.1    6.099232   4449.0   0.282    3.743   2.333   -9.0E-4       6.562   -0.1358   0.0      0.0       0.4505    0.0       
  1.1    6.113372   4447.0   0.272    3.753   2.307   -0.0013       6.567   -0.1217   3.0E-4   0.08047   0.4506    3.12E-4   
  1.1    6.120452   4447.0   0.267    3.758   2.295   -0.0017       6.569   -0.1147   0.0012   0.1301    0.4506    0.001165  
  1.1    6.13463    4446.0   0.257    3.767   2.269   -0.0022       6.574   -0.1005   0.0031   0.1776    0.4507    0.002619  
  1.1    6.141729   4445.0   0.252    3.772   2.257   -0.0022       6.576   -0.0934   0.0048   0.2043    0.4507    0.003755  
  1.1    6.155949   4444.0   0.242    3.781   2.232   -0.0026       6.581   -0.079    0.009    0.2499    0.4508    0.006362  
  1.1    6.163066   4443.0   0.237    3.786   2.22    -0.0031       6.583   -0.0718   0.0124   0.2767    0.4508    0.008297  
  1.1    6.170194   4443.0   0.232    3.791   2.208   -0.0035       6.585   -0.0646   0.0157   0.2986    0.4508    0.01015   
  1.1    6.184467   4441.0   0.222    3.801   2.184   -0.0039       6.59    -0.05     0.0224   0.3333    0.4508    0.01367   
  1.1    6.191616   4441.0   0.217    3.805   2.172   -0.0044       6.592   -0.0427   0.0224   0.3315    0.4508    0.01367   
  1.1    6.205932   4439.0   0.207    3.815   2.148   -0.0052       6.596   -0.028    0.0294   0.3601    0.4507    0.01719   
  1.1    6.213103   4439.0   0.202    3.82    2.136   -0.0057       6.598   -0.0206   0.033    0.373     0.4507    0.01899   
  1.1    6.220278   4438.0   0.197    3.825   2.124   -0.0061       6.6     -0.0132   0.033    0.3709    0.4507    0.01899   
  1.1    6.234327   4437.0   0.187    3.834   2.101   -0.007        6.604   0.0015    0.0404   0.3935    0.4506    0.02249   
  1.1    6.240477   4437.0   0.183    3.838   2.092   -0.0079       6.606   0.0079    0.0477   0.4153    0.4504    0.02591   
  1.1    6.251149   4436.0   0.175    3.845   2.075   -0.0083       6.609   0.0191    0.0558   0.4354    0.4502    0.02959   
  1.1    6.26051    4435.0   0.169    3.851   2.06    -0.0092       6.612   0.029     0.0558   0.4322    0.4503    0.02958   
  1.1    6.272306   4434.0   0.161    3.859   2.041   -0.0106       6.615   0.0415    0.0639   0.4494    0.45      0.03319   
  1.1    6.280355   4433.0   0.155    3.864   2.029   -0.0114       6.617   0.05      0.072    0.466     0.4498    0.03673   
  1.1    6.291615   4433.0   0.147    3.872   2.011   -0.0123       6.62    0.062     0.0801   0.48      0.4495    0.04022   
  1.1    6.299113   4432.0   0.142    3.877   2.0     -0.0132       6.623   0.0701    0.0801   0.4772    0.4495    0.04021   
  1.1    6.309609   4431.0   0.135    3.884   1.984   -0.0146       6.625   0.0814    0.0883   0.4901    0.4492    0.04364   
  1.1    6.321308   4430.0   0.127    3.892   1.967   -0.0159       6.629   0.094     0.0964   0.5014    0.4489    0.04703   
  1.1    6.329953   4430.0   0.121    3.897   1.954   -0.0173       6.631   0.1035    0.1045   0.513     0.4485    0.05039   
  1.1    6.339076   4429.0   0.115    3.903   1.94    -0.0186       6.633   0.1134    0.1045   0.5093    0.4485    0.05036   
  1.1    6.349198   4428.0   0.108    3.91    1.925   -0.02         6.636   0.1246    0.1126   0.5193    0.4481    0.05368   
  1.1    6.359771   4428.0   0.101    3.917   1.91    -0.0218       6.639   0.1362    0.1207   0.5285    0.4477    0.05695   
  1.1    6.369657   4427.0   0.094    3.923   1.896   -0.0232       6.642   0.1472    0.1288   0.5372    0.4473    0.06021   
  1.1    6.380039   4426.0   0.087    3.93    1.881   -0.025        6.644   0.1588    0.1369   0.5452    0.4468    0.06343   
  1.1    6.389543   4426.0   0.08     3.936   1.868   -0.0269       6.647   0.1694    0.145    0.553     0.4463    0.06662   
  1.1    6.399253   4425.0   0.074    3.943   1.854   -0.0287       6.649   0.1802    0.1531   0.5602    0.4458    0.06979   
  1.1    6.412864   4424.0   0.065    3.951   1.836   -0.0315       6.653   0.1955    0.1612   0.5652    0.4452    0.07292   
  1.1    6.420297   4424.0   0.06     3.956   1.826   -0.0329       6.655   0.2039    0.1693   0.5726    0.4447    0.07605   
  1.1    6.435206   4423.0   0.05     3.966   1.806   -0.0357       6.658   0.2208    0.1774   0.5761    0.4441    0.07912   
  1.1    6.442676   4423.0   0.045    3.97    1.796   -0.0376       6.66    0.2293    0.1855   0.5828    0.4434    0.08222   
  1.1    6.45016    4422.0   0.04     3.975   1.786   -0.0391       6.662   0.2379    0.1937   0.5891    0.4428    0.08529   
  1.1    6.465164   4421.0   0.03     3.985   1.766   -0.0424       6.666   0.2551    0.2018   0.5915    0.4421    0.08829   
  1.1    6.472654   4421.0   0.025    3.989   1.757   -0.0443       6.668   0.2638    0.2099   0.5973    0.4414    0.09133   
  1.1    6.480119   4421.0   0.02     3.994   1.747   -0.0462       6.67    0.2724    0.218    0.6028    0.4407    0.09436   
  1.1    6.494974   4420.0   0.011    4.004   1.729   -0.0501       6.673   0.2897    0.2261   0.6044    0.4399    0.09728   
  1.1    6.502363   4420.0   0.006    4.008   1.719   -0.0521       6.675   0.2984    0.2342   0.6094    0.4392    0.1003    
  1.1    6.509728   4419.0   0.001    4.013   1.71    -0.054        6.677   0.307     0.2423   0.6143    0.4384    0.1033    
  1.1    6.524381   4419.0   -0.008   4.022   1.692   -0.058        6.681   0.3244    0.2504   0.6153    0.4375    0.1061    
  1.1    6.531668   4418.0   -0.013   4.027   1.683   -0.0605       6.683   0.333     0.2585   0.6197    0.4367    0.1091    
  1.1    6.546167   4418.0   -0.022   4.036   1.666   -0.0645       6.686   0.3503    0.2747   0.6282    0.435     0.1149    
  1.1    6.553378   4418.0   -0.027   4.04    1.658   -0.0665       6.688   0.359     0.2828   0.6323    0.4341    0.1178    
  1.1    6.560562   4418.0   -0.031   4.044   1.649   -0.0691       6.69    0.3677    0.2828   0.6285    0.434     0.1177    
  1.1    6.574849   4417.0   -0.04    4.053   1.633   -0.0737       6.693   0.385     0.2991   0.6362    0.4321    0.1235    
  1.1    6.581952   4417.0   -0.044   4.058   1.624   -0.0762       6.695   0.3936    0.3072   0.6398    0.4311    0.1264    
  1.1    6.589028   4417.0   -0.049   4.062   1.616   -0.0783       6.697   0.4023    0.3129   0.6412    0.4304    0.1283    
  1.1    6.603099   4417.0   -0.057   4.07    1.601   -0.083        6.7     0.4196    0.3243   0.6438    0.4289    0.1323    
  1.1    6.610095   4417.0   -0.061   4.075   1.593   -0.0857       6.702   0.4283    0.3351   0.6495    0.4275    0.1361    
  1.1    6.624005   4417.0   -0.07    4.083   1.578   -0.0904       6.705   0.4456    0.3459   0.6511    0.4259    0.1397    
  1.1    6.630919   4417.0   -0.074   4.087   1.57    -0.0931       6.707   0.4543    0.3459   0.6474    0.4258    0.1395    
  1.1    6.644669   4418.0   -0.082   4.095   1.555   -0.098        6.71    0.4716    0.3675   0.6579    0.4228    0.1471    
  1.1    6.651504   4418.0   -0.086   4.099   1.548   -0.1007       6.712   0.4803    0.3675   0.6541    0.4227    0.1469    
  1.1    6.665094   4419.0   -0.093   4.107   1.534   -0.1062       6.716   0.4977    0.3783   0.6554    0.4209    0.1504    
  1.1    6.671849   4419.0   -0.097   4.111   1.527   -0.109        6.717   0.5063    0.3891   0.6603    0.4193    0.1542    
  1.1    6.685278   4420.0   -0.105   4.119   1.513   -0.1146       6.721   0.5237    0.3999   0.6613    0.4175    0.1576    
  1.1    6.69195    4421.0   -0.108   4.123   1.507   -0.1175       6.722   0.5324    0.4107   0.666     0.4158    0.1613    
  1.1    6.705212   4422.0   -0.115   4.131   1.494   -0.1221       6.726   0.5497    0.4253   0.6698    0.4133    0.1662    
  1.1    6.7118     4423.0   -0.119   4.134   1.487   -0.1249       6.728   0.5584    0.4253   0.6661    0.4131    0.1659    
  1.1    6.724891   4424.0   -0.126   4.142   1.474   -0.1302       6.731   0.5757    0.4428   0.6719    0.4101    0.1717    
  1.1    6.731394   4425.0   -0.129   4.145   1.468   -0.1331       6.733   0.5844    0.4428   0.6682    0.4099    0.1714    
  1.1    6.744313   4427.0   -0.135   4.153   1.456   -0.1385       6.736   0.6018    0.4633   0.676     0.4062    0.1783    
  1.1    6.750729   4428.0   -0.139   4.156   1.45    -0.1409       6.738   0.6105    0.4633   0.6723    0.406     0.1779    
  1.1    6.763474   4430.0   -0.145   4.163   1.438   -0.1463       6.741   0.6278    0.4735   0.6724    0.4039    0.181     
  1.1    6.769803   4432.0   -0.148   4.167   1.433   -0.1494       6.743   0.6365    0.4837   0.6761    0.402     0.1844    
  1.1    6.782375   4434.0   -0.153   4.173   1.421   -0.1543       6.746   0.6539    0.4939   0.6762    0.3998    0.1874    
  1.1    6.794831   4437.0   -0.159   4.18    1.411   -0.1593       6.75    0.6713    0.5144   0.6836    0.3957    0.1941    
  1.1    6.801015   4439.0   -0.162   4.183   1.405   -0.1618       6.751   0.68      0.5144   0.6799    0.3954    0.1937    
  1.1    6.813293   4442.0   -0.167   4.19    1.395   -0.1662       6.755   0.6974    0.5322   0.6853    0.3916    0.1993    
  1.1    6.819387   4444.0   -0.169   4.193   1.39    -0.1688       6.756   0.7061    0.5322   0.6816    0.3913    0.1989    
  1.1    6.831486   4448.0   -0.174   4.199   1.38    -0.1739       6.76    0.7234    0.5472   0.685     0.3879    0.2035    
  1.1    6.843465   4452.0   -0.179   4.206   1.37    -0.1785       6.763   0.7408    0.5595   0.6865    0.3849    0.2071    
  1.1    6.849408   4454.0   -0.181   4.209   1.365   -0.1805       6.765   0.7495    0.5657   0.6872    0.3834    0.2089    
  1.1    6.861203   4459.0   -0.185   4.215   1.356   -0.1851       6.768   0.7669    0.578    0.6886    0.3803    0.2124    
  1.1    6.872874   4464.0   -0.189   4.22    1.347   -0.1891       6.772   0.7843    0.5903   0.6901    0.3771    0.2159    
  1.1    6.884421   4469.0   -0.193   4.226   1.338   -0.1931       6.775   0.8018    0.6026   0.6916    0.3739    0.2193    
  1.1    6.890148   4472.0   -0.194   4.229   1.334   -0.1952       6.777   0.8105    0.6088   0.6924    0.3722    0.221     
  1.1    6.901507   4478.0   -0.197   4.234   1.325   -0.1986       6.781   0.8279    0.6211   0.694     0.3688    0.2244    
  1.1    6.912738   4484.0   -0.2     4.24    1.317   -0.202        6.784   0.8453    0.6334   0.6956    0.3653    0.2278    
  1.1    6.923843   4491.0   -0.203   4.245   1.309   -0.2055       6.788   0.8627    0.6457   0.6973    0.3617    0.2311    
  1.1    6.929347   4494.0   -0.204   4.247   1.305   -0.2069       6.79    0.8714    0.6519   0.6981    0.3599    0.2327    
  1.1    6.94026    4501.0   -0.206   4.252   1.298   -0.2097       6.793   0.8889    0.6642   0.6999    0.3562    0.236     
  1.1    6.951045   4509.0   -0.208   4.257   1.291   -0.2118       6.797   0.9063    0.6765   0.7018    0.3523    0.2392    
  1.1    6.961702   4517.0   -0.21    4.262   1.284   -0.2147       6.8     0.9237    0.6827   0.6993    0.35      0.2401    
  1.1    6.97223    4525.0   -0.211   4.266   1.277   -0.2175       6.804   0.9412    0.6888   0.6969    0.3477    0.2409    
  1.1    6.982629   4534.0   -0.212   4.271   1.271   -0.2197       6.808   0.9586    0.7104   0.7058    0.3412    0.2475    
  1.1    6.9929     4543.0   -0.213   4.275   1.265   -0.2218       6.811   0.9761    0.7211   0.707     0.3374    0.25      
  1.1    7.003038   4553.0   -0.213   4.279   1.259   -0.224        6.815   0.9935    0.7319   0.7083    0.3335    0.2524    
  1.1    7.013048   4563.0   -0.213   4.283   1.253   -0.2255       6.819   1.011     0.7381   0.7062    0.3309    0.253     
  1.1    7.022927   4573.0   -0.213   4.287   1.248   -0.2277       6.823   1.0285    0.7504   0.7089    0.3265    0.256     
  1.1    7.032679   4584.0   -0.213   4.29    1.242   -0.2284       6.827   1.0459    0.7627   0.7117    0.3219    0.2589    
  1.1    7.0423     4595.0   -0.212   4.294   1.237   -0.2299       6.831   1.0634    0.7689   0.7099    0.3191    0.2594    
  1.1    7.051789   4608.0   -0.211   4.297   1.233   -0.2314       6.835   1.0809    0.7812   0.7131    0.3144    0.2623    
  1.1    7.061155   4621.0   -0.209   4.3     1.228   -0.2328       6.839   1.0984    0.7873   0.7115    0.3115    0.2627    
  1.1    7.070389   4634.0   -0.207   4.303   1.224   -0.2336       6.843   1.1158    0.7996   0.715     0.3065    0.2655    
  1.1    7.079492   4648.0   -0.204   4.306   1.22    -0.2343       6.847   1.1333    0.8119   0.7188    0.3014    0.2682    
  1.1    7.09291    4670.0   -0.2     4.31    1.214   -0.2358       6.853   1.1596    0.8243   0.7196    0.2957    0.2698    
  1.1    7.101696   4685.0   -0.197   4.313   1.211   -0.2366       6.857   1.1771    0.8304   0.7186    0.2925    0.2701    
  1.1    7.110354   4701.0   -0.194   4.315   1.207   -0.2366       6.861   1.1946    0.8427   0.7231    0.2871    0.2727    
  1.1    7.123113   4725.0   -0.188   4.318   1.203   -0.2381       6.868   1.2208    0.855    0.7248    0.2809    0.2741    
  1.1    7.131465   4742.0   -0.184   4.32    1.2     -0.2381       6.872   1.2383    0.8612   0.7243    0.2776    0.2742    
  1.1    7.139703   4759.0   -0.179   4.322   1.198   -0.2388       6.876   1.2558    0.8735   0.7298    0.2716    0.2767    
  1.1    7.151842   4786.0   -0.172   4.325   1.194   -0.2388       6.883   1.2821    0.8858   0.7327    0.265     0.278     
  1.1    7.159793   4804.0   -0.167   4.326   1.192   -0.2396       6.887   1.2996    0.892    0.7328    0.2614    0.2779    
  1.1    7.171513   4831.0   -0.159   4.328   1.19    -0.2396       6.894   1.3259    0.9043   0.7365    0.2545    0.279     
  1.1    7.179193   4850.0   -0.153   4.329   1.189   -0.2396       6.899   1.3434    0.9105   0.7371    0.2507    0.2788    
  1.1    7.190517   4879.0   -0.144   4.33    1.187   -0.2403       6.906   1.3697    0.9228   0.7419    0.2434    0.2798    
  1.1    7.201605   4910.0   -0.134   4.331   1.186   -0.2403       6.913   1.3959    0.9351   0.7474    0.2358    0.2806    
  1.1    7.212465   4945.0   -0.122   4.331   1.185   -0.2403       6.92    1.4222    0.941    0.7457    0.2313    0.2787    
  1.1    7.219503   4968.0   -0.114   4.332   1.185   -0.2403       6.925   1.4396    0.948    0.7488    0.2266    0.2787    
  1.1    7.229692   5003.0   -0.102   4.332   1.185   -0.2403       6.933   1.4651    0.9621   0.7589    0.2174    0.2804    
  1.1    7.239437   5036.0   -0.09    4.331   1.185   -0.2403       6.94    1.4901    0.9692   0.7605    0.212     0.2789    
  1.1    7.251823   5081.0   -0.074   4.33    1.186   -0.2403       6.949   1.5224    0.98     0.7658    0.2036    0.2777    
  1.1    7.260646   5116.0   -0.061   4.329   1.188   -0.2403       6.956   1.5459    0.99     0.7739    0.196     0.2777    
  1.1    7.269125   5151.0   -0.048   4.328   1.189   -0.2403       6.963   1.5689    0.9946   0.7737    0.1917    0.2753    
  1.1    7.2799     5197.0   -0.031   4.326   1.192   -0.2403       6.973   1.5986    1.0075   0.787     0.181     0.2754    
  1.1    7.290115   5244.0   -0.013   4.324   1.195   -0.2403       6.982   1.6273    1.0152   0.7923    0.1737    0.2732    
  1.1    7.299793   5290.0   0.004    4.322   1.197   -0.2403       6.991   1.6548    1.0221   0.7972    0.1669    0.2708    
  1.1    7.311196   5347.0   0.025    4.32    1.201   -0.2403       7.003   1.6886    1.0316   0.8075    0.1572    0.2685    
  1.1    7.319839   5391.0   0.042    4.317   1.204   -0.2403       7.012   1.7136    1.0373   0.8126    0.1508    0.2659    
  1.1    7.330095   5446.0   0.062    4.315   1.208   -0.2403       7.023   1.7437    1.045    0.8224    0.1419    0.2632    
  1.1    7.339761   5498.0   0.082    4.312   1.212   -0.2403       7.034   1.7717    1.0536   0.8383    0.1316    0.2614    
  1.1    7.350634   5556.0   0.103    4.309   1.217   -0.2403       7.048   1.8022    1.0587   0.8425    0.1243    0.2568    
  1.1    7.359145   5602.0   0.12     4.306   1.22    -0.2403       7.059   1.8245    1.0653   0.8579    0.115     0.2547    
  1.1    7.36914    5655.0   0.139    4.303   1.224   -0.2403       7.074   1.8476    1.0713   0.8724    0.1053    0.2515    
  1.1    7.379929   5710.0   0.157    4.302   1.226   -0.2403       7.091   1.8672    1.0767   0.8856    0.09572   0.2479    
  1.1    7.390474   5761.0   0.172    4.303   1.225   -0.2403       7.107   1.8812    1.0817   0.9009    0.08583   0.2452    
  1.1    7.399729   5802.0   0.18     4.307   1.219   -0.2403       7.12    1.8901    1.0846   0.907     0.07912   0.2431    
  1.1    7.4096     5841.0   0.184    4.315   1.208   -0.2403       7.131   1.8959    1.0871   0.9091    0.07299   0.2419    
  1.1    7.419834   5874.0   0.18     4.328   1.189   -0.2403       7.141   1.8987    1.0891   0.9069    0.06769   0.242     
  1.1    7.430152   5899.0   0.17     4.346   1.166   -0.2403       7.149   1.9016    1.0902   0.8956    0.06458   0.2431    
  1.1    7.440745   5915.0   0.154    4.366   1.138   -0.2403       7.154   1.9025    1.0907   0.8794    0.06288   0.2453    
  1.1    7.449916   5921.0   0.136    4.386   1.113   -0.2403       7.158   1.9009    1.0907   0.8612    0.06294   0.248     
  1.1    7.459515   5918.0   0.115    4.406   1.087   -0.2403       7.161   1.8972    1.0902   0.8385    0.06474   0.2512    
  1.1    7.469613   5909.0   0.093    4.426   1.063   -0.2403       7.162   1.8935    1.0902   0.8242    0.06497   0.2553    
  1.1    7.480628   5894.0   0.07     4.445   1.04    -0.2403       7.163   1.8888    1.0891   0.8023    0.06818   0.2589    
  1.1    7.491636   5877.0   0.05     4.459   1.023   -0.2403       7.162   1.8849    1.0886   0.7901    0.06977   0.2624    
  1.1    7.502843   5860.0   0.036    4.469   1.012   -0.2403       7.162   1.8814    1.0876   0.7775    0.07253   0.2647    
  1.1    7.510025   5851.0   0.029    4.473   1.007   -0.2403       7.161   1.8796    1.0871   0.7722    0.07388   0.2659    
  1.1    7.528433   5835.0   0.019    4.478   1.001   -0.2403       7.16    1.8765    1.0864   0.7658    0.07588   0.2676    
  1.1    7.540074   5830.0   0.016    4.479   1.0     -0.2403       7.159   1.8754    1.0864   0.7665    0.07595   0.2682    
  1.1    7.553642   5826.0   0.016    4.478   1.001   -0.2403       7.158   1.8746    1.0856   0.7626    0.07771   0.2679    
  1.1    7.569383   5824.0   0.017    4.477   1.002   -0.2403       7.158   1.874     1.0856   0.7642    0.07773   0.2679    
  1.1    7.587549   5823.0   0.018    4.475   1.004   -0.2403       7.157   1.8736    1.0856   0.7658    0.07774   0.2677    
  1.1    7.608391   5822.0   0.019    4.474   1.006   -0.2403       7.157   1.8732    1.0856   0.7672    0.07774   0.2676    
  1.1    7.632149   5822.0   0.02     4.472   1.007   -0.2403       7.156   1.8729    1.0856   0.7683    0.07774   0.2674    
  1.1    7.659042   5824.0   0.023    4.471   1.009   -0.2411       7.156   1.8751    1.0856   0.7691    0.0777    0.2669    
  1.1    7.689259   5827.0   0.025    4.47    1.011   -0.2411       7.156   1.8772    1.0856   0.7695    0.07765   0.2664    
  1.1    7.722946   5833.0   0.028    4.468   1.013   -0.2411       7.157   1.8815    1.0864   0.7746    0.07585   0.266     
  1.1    7.760198   5839.0   0.031    4.467   1.014   -0.2411       7.157   1.8854    1.0864   0.7741    0.07577   0.2653    
  1.1    7.801053   5848.0   0.035    4.466   1.015   -0.2411       7.158   1.8918    1.0871   0.7788    0.07389   0.2647    
  1.1    7.845491   5858.0   0.039    4.465   1.017   -0.2411       7.159   1.8994    1.0876   0.7815    0.07254   0.2637    
  1.1    7.893432   5868.0   0.043    4.463   1.018   -0.2411       7.16    1.9071    1.0881   0.7841    0.07117   0.2629    
  1.1    7.944746   5876.0   0.046    4.463   1.019   -0.2411       7.16    1.9133    1.0886   0.7871    0.0698    0.2622    
  1.1    7.999255   5882.0   0.049    4.462   1.02    -0.2411       7.161   1.9179    1.0886   0.7863    0.06973   0.2616    
  1.1    8.056749   5886.0   0.05     4.462   1.02    -0.2411       7.161   1.922     1.0891   0.7902    0.06837   0.2614    
  1.1    8.116993   5889.0   0.052    4.461   1.021   -0.2411       7.161   1.9252    1.0891   0.79      0.06833   0.2609    
  1.1    8.179733   5892.0   0.053    4.46    1.022   -0.2411       7.161   1.9276    1.0891   0.7899    0.06829   0.2606    
  1.1    8.244725   5893.0   0.055    4.459   1.023   -0.2411       7.162   1.9294    1.0891   0.7901    0.06827   0.2603    
  1.1    8.311716   5895.0   0.056    4.459   1.024   -0.2411       7.162   1.9311    1.0891   0.7905    0.06825   0.26      
  1.1    8.374143   5896.0   0.057    4.458   1.025   -0.2411       7.162   1.9329    1.0891   0.7911    0.06823   0.2597    
  1.1    8.428715   5897.0   0.059    4.457   1.026   -0.2411       7.163   1.935     1.0891   0.7917    0.06821   0.2595    
  1.1    8.477188   5898.0   0.06     4.456   1.027   -0.2411       7.163   1.937     1.0896   0.7968    0.06687   0.2595    
  1.1    8.52079    5899.0   0.061    4.455   1.029   -0.2411       7.164   1.9391    1.0896   0.7975    0.06685   0.2592    
  1.1    8.560411   5899.0   0.062    4.453   1.03    -0.2411       7.164   1.9411    1.0896   0.7981    0.06683   0.259     
  1.1    8.596718   5900.0   0.064    4.452   1.031   -0.2411       7.165   1.943     1.0896   0.7987    0.06682   0.2587    
  1.1    8.630222   5901.0   0.065    4.452   1.032   -0.2411       7.165   1.9448    1.0896   0.7994    0.0668    0.2585    
  1.1    8.661326   5902.0   0.066    4.451   1.033   -0.2411       7.166   1.9466    1.0896   0.8       0.06679   0.2582    
  1.1    8.69035    5903.0   0.067    4.45    1.034   -0.2411       7.166   1.9485    1.0896   0.8006    0.06677   0.258     
  1.1    8.717556   5904.0   0.069    4.449   1.035   -0.2411       7.167   1.9503    1.0896   0.8011    0.06676   0.2577    
  1.1    8.743157   5904.0   0.07     4.448   1.037   -0.2411       7.167   1.9521    1.0896   0.8017    0.06674   0.2575    
  1.1    8.767333   5905.0   0.071    4.447   1.038   -0.2411       7.168   1.9539    1.0896   0.8023    0.06673   0.2572    
  1.1    8.790234   5906.0   0.072    4.446   1.039   -0.2411       7.168   1.9557    1.0896   0.8029    0.06671   0.257     
  1.1    8.811987   5907.0   0.073    4.445   1.04    -0.2411       7.169   1.9574    1.0896   0.8035    0.0667    0.2568    
  1.1    8.832702   5907.0   0.074    4.444   1.041   -0.2411       7.17    1.9592    1.0896   0.8041    0.06669   0.2566    
  1.1    8.852475   5908.0   0.075    4.443   1.042   -0.2411       7.17    1.961     1.0896   0.8046    0.06667   0.2563    
  1.1    8.871386   5909.0   0.077    4.442   1.043   -0.2411       7.171   1.9628    1.0896   0.8053    0.06666   0.2561    
  1.1    8.889507   5909.0   0.078    4.441   1.044   -0.2411       7.171   1.9647    1.0902   0.8114    0.06505   0.2563    
  1.1    8.906903   5910.0   0.079    4.44    1.046   -0.2411       7.172   1.9666    1.0902   0.812     0.06504   0.256     
  1.1    8.923629   5911.0   0.08     4.439   1.047   -0.2411       7.172   1.9685    1.0902   0.8126    0.06502   0.2558    
  1.1    8.939734   5912.0   0.081    4.438   1.048   -0.2411       7.173   1.9705    1.0902   0.8132    0.06501   0.2555    
  1.1    8.955264   5913.0   0.082    4.437   1.049   -0.2411       7.173   1.9725    1.0902   0.8138    0.06499   0.2553    
  1.1    8.970258   5913.0   0.084    4.437   1.05    -0.2411       7.174   1.9744    1.0902   0.8144    0.06498   0.2551    
  1.1    8.98475    5914.0   0.085    4.436   1.051   -0.2411       7.174   1.9764    1.0902   0.8149    0.06496   0.2548    
  1.1    8.998775   5915.0   0.086    4.435   1.052   -0.2411       7.175   1.9785    1.0902   0.8155    0.06495   0.2545    
  1.1    9.012361   5916.0   0.087    4.434   1.054   -0.2411       7.176   1.9805    1.0902   0.8161    0.06493   0.2543    
  1.1    9.025535   5917.0   0.088    4.433   1.055   -0.2411       7.176   1.9826    1.0902   0.8167    0.06492   0.254     
  1.1    9.038322   5918.0   0.09     4.432   1.056   -0.2411       7.177   1.9847    1.0902   0.8173    0.0649    0.2538    
  1.1    9.050743   5919.0   0.091    4.431   1.057   -0.2411       7.177   1.9868    1.0902   0.8179    0.06488   0.2535    
  1.1    9.062815   5919.0   0.092    4.43    1.058   -0.2411       7.178   1.989     1.0902   0.8185    0.06487   0.2533    
  1.1    9.074564   5920.0   0.093    4.429   1.059   -0.2411       7.178   1.9911    1.0902   0.8191    0.06485   0.253     
  1.1    9.086004   5921.0   0.095    4.428   1.061   -0.2411       7.179   1.9933    1.0902   0.8197    0.06483   0.2527    
  1.1    9.09715    5922.0   0.096    4.427   1.062   -0.2411       7.179   1.9955    1.0907   0.8262    0.06317   0.2529    
  1.1    9.108017   5923.0   0.097    4.426   1.063   -0.2411       7.18    1.9977    1.0907   0.8268    0.06316   0.2526    
  1.1    9.118615   5924.0   0.098    4.425   1.064   -0.2411       7.181   1.9999    1.0907   0.8274    0.06314   0.2524    
  1.1    9.128964   5925.0   0.1      4.424   1.065   -0.2411       7.181   2.0021    1.0907   0.828     0.06313   0.2521    
  1.1    9.139073   5926.0   0.101    4.423   1.067   -0.2411       7.182   2.0044    1.0907   0.8285    0.06311   0.2518    
  1.1    9.148951   5927.0   0.102    4.422   1.068   -0.2411       7.182   2.0067    1.0907   0.8291    0.06309   0.2515    
  1.1    9.15861    5928.0   0.103    4.421   1.069   -0.2411       7.183   2.009     1.0907   0.8298    0.06307   0.2513    
  1.1    9.168058   5929.0   0.105    4.42    1.07    -0.2411       7.184   2.0113    1.0907   0.8304    0.06306   0.251     
  1.1    9.177303   5930.0   0.106    4.419   1.072   -0.2411       7.184   2.0137    1.0907   0.831     0.06304   0.2507    
  1.1    9.186357   5931.0   0.107    4.418   1.073   -0.2411       7.185   2.016     1.0907   0.8316    0.06302   0.2505    
  1.1    9.195227   5932.0   0.109    4.417   1.074   -0.2411       7.185   2.0184    1.0907   0.8323    0.06301   0.2502    
  1.1    9.203919   5933.0   0.11     4.416   1.076   -0.2411       7.186   2.0207    1.0907   0.8329    0.06299   0.2499    
  1.1    9.212441   5933.0   0.111    4.415   1.077   -0.2411       7.187   2.0231    1.0907   0.8335    0.06297   0.2496    
  1.1    9.220796   5935.0   0.113    4.414   1.078   -0.2411       7.187   2.0255    1.0913   0.8405    0.06125   0.2498    
  1.1    9.228995   5936.0   0.114    4.413   1.079   -0.2411       7.188   2.0279    1.0913   0.8411    0.06124   0.2495    
  1.1    9.237043   5936.0   0.115    4.412   1.081   -0.2411       7.188   2.0304    1.0913   0.8418    0.06122   0.2492    
  1.1    9.244945   5937.0   0.117    4.41    1.082   -0.2411       7.189   2.0329    1.0913   0.8424    0.0612    0.2489    
  1.1    9.252705   5938.0   0.118    4.409   1.083   -0.2411       7.19    2.0354    1.0913   0.8431    0.06118   0.2486    
  1.1    9.260327   5939.0   0.119    4.408   1.085   -0.2411       7.19    2.0379    1.0913   0.8438    0.06117   0.2484    
  1.1    9.267819   5940.0   0.121    4.407   1.086   -0.2411       7.191   2.0404    1.0913   0.8444    0.06115   0.2481    
  1.1    9.275185   5941.0   0.122    4.406   1.087   -0.2411       7.191   2.0429    1.0913   0.8451    0.06113   0.2478    
  1.1    9.282427   5942.0   0.123    4.405   1.089   -0.2411       7.192   2.0455    1.0913   0.8457    0.06111   0.2475    
  1.1    9.289551   5943.0   0.125    4.404   1.09    -0.2411       7.193   2.0481    1.0913   0.8464    0.06109   0.2472    
  1.1    9.296558   5944.0   0.126    4.403   1.091   -0.2411       7.194   2.0506    1.0913   0.847     0.06108   0.2469    
  1.1    9.303455   5945.0   0.127    4.402   1.093   -0.2411       7.194   2.0533    1.0913   0.8477    0.06106   0.2466    
  1.1    9.310245   5946.0   0.129    4.401   1.094   -0.2411       7.195   2.0559    1.0919   0.8552    0.05928   0.2468    
  1.1    9.31693    5947.0   0.13     4.4     1.096   -0.2411       7.195   2.0586    1.0919   0.856     0.05926   0.2465    
  1.1    9.323514   5948.0   0.132    4.398   1.097   -0.2411       7.196   2.0613    1.0919   0.8567    0.05924   0.2462    
  1.1    9.329998   5949.0   0.133    4.397   1.098   -0.2411       7.197   2.064     1.0919   0.8574    0.05923   0.2459    
  1.1    9.336388   5950.0   0.134    4.396   1.1     -0.2411       7.197   2.0667    1.0919   0.8581    0.05921   0.2456    
  1.1    9.342685   5951.0   0.136    4.395   1.101   -0.2411       7.198   2.0694    1.0919   0.8588    0.05919   0.2453    
  1.1    9.348893   5952.0   0.137    4.394   1.103   -0.2411       7.199   2.0721    1.0919   0.8595    0.05917   0.245     
  1.1    9.355013   5953.0   0.139    4.393   1.104   -0.2411       7.199   2.0749    1.0919   0.8602    0.05916   0.2447    
  1.1    9.361048   5954.0   0.14     4.392   1.106   -0.2411       7.2     2.0777    1.0919   0.8609    0.05914   0.2444    
  1.1    9.366998   5954.0   0.142    4.391   1.107   -0.2411       7.201   2.0806    1.0919   0.8617    0.05912   0.2441    
  1.1    9.37287    5955.0   0.143    4.389   1.109   -0.2411       7.201   2.0834    1.0919   0.8625    0.0591    0.2438    
  1.1    9.378663   5956.0   0.144    4.388   1.11    -0.2411       7.202   2.0863    1.0923   0.8687    0.05772   0.2438    
  1.1    9.38438    5957.0   0.146    4.387   1.112   -0.2411       7.203   2.0892    1.0923   0.8695    0.0577    0.2435    
  1.1    9.390023   5958.0   0.147    4.386   1.113   -0.2411       7.204   2.0921    1.0923   0.8702    0.05768   0.2432    
  1.1    9.395592   5959.0   0.149    4.385   1.115   -0.2411       7.204   2.095     1.0923   0.871     0.05767   0.2429    
  1.1    9.401092   5960.0   0.15     4.383   1.116   -0.2411       7.205   2.0979    1.0923   0.8718    0.05765   0.2426    
  1.1    9.406523   5961.0   0.152    4.382   1.118   -0.2411       7.206   2.1009    1.0923   0.8726    0.05763   0.2423    
  1.1    9.411887   5962.0   0.153    4.381   1.119   -0.2411       7.206   2.1039    1.0923   0.8734    0.05761   0.242     
  1.1    9.417186   5963.0   0.155    4.38    1.121   -0.2411       7.207   2.107     1.0923   0.8742    0.05759   0.2417    
  1.1    9.422419   5964.0   0.156    4.379   1.123   -0.2411       7.208   2.1101    1.0923   0.875     0.05758   0.2414    
  1.1    9.427592   5964.0   0.158    4.377   1.124   -0.2411       7.208   2.1132    1.0928   0.8817    0.05615   0.2414    
  1.1    9.432703   5965.0   0.159    4.376   1.126   -0.2411       7.209   2.1163    1.0928   0.8825    0.05613   0.2411    
  1.1    9.437755   5966.0   0.161    4.375   1.127   -0.2411       7.21    2.1195    1.0928   0.8833    0.05611   0.2408    
  1.1    9.442749   5967.0   0.162    4.374   1.129   -0.2411       7.211   2.1226    1.0928   0.8841    0.0561    0.2404    
  1.1    9.447685   5968.0   0.164    4.372   1.131   -0.2411       7.211   2.1258    1.0928   0.885     0.05608   0.2401    
  1.1    9.452567   5969.0   0.165    4.371   1.132   -0.2411       7.212   2.1291    1.0928   0.8858    0.05606   0.2398    
  1.1    9.457394   5970.0   0.167    4.37    1.134   -0.2411       7.213   2.1324    1.0928   0.8867    0.05604   0.2395    
  1.1    9.462169   5971.0   0.168    4.368   1.136   -0.2411       7.213   2.1357    1.0928   0.8876    0.05602   0.2392    
  1.1    9.466891   5972.0   0.17     4.367   1.137   -0.2411       7.214   2.139     1.093    0.8926    0.05504   0.2391    
  1.1    9.471563   5972.0   0.172    4.366   1.139   -0.2411       7.215   2.1424    1.093    0.8935    0.05502   0.2388    
  1.1    9.476184   5973.0   0.173    4.365   1.141   -0.2411       7.216   2.1458    1.093    0.8944    0.05501   0.2384    
  1.1    9.480757   5974.0   0.175    4.363   1.143   -0.2411       7.217   2.1492    1.093    0.8953    0.05499   0.2381    
  1.1    9.485283   5975.0   0.176    4.362   1.144   -0.2411       7.217   2.1527    1.093    0.8962    0.05497   0.2378    
  1.1    9.489762   5976.0   0.178    4.361   1.146   -0.2411       7.218   2.1561    1.093    0.8972    0.05495   0.2375    
  1.1    9.494195   5977.0   0.179    4.359   1.148   -0.2411       7.219   2.1597    1.093    0.8981    0.05493   0.2371    
  1.1    9.498582   5978.0   0.181    4.358   1.15    -0.2411       7.22    2.1633    1.0933   0.9034    0.05393   0.237     
  1.1    9.502927   5978.0   0.183    4.356   1.151   -0.2411       7.221   2.1669    1.0933   0.9044    0.05391   0.2367    
  1.1    9.507228   5979.0   0.184    4.355   1.153   -0.2411       7.221   2.1706    1.0933   0.9053    0.05389   0.2364    
  1.1    9.511488   5980.0   0.186    4.354   1.155   -0.2411       7.222   2.1742    1.0933   0.9063    0.05388   0.2361    
  1.1    9.515706   5981.0   0.187    4.352   1.157   -0.2411       7.223   2.178     1.0933   0.9073    0.05386   0.2357    
  1.1    9.519882   5982.0   0.189    4.351   1.159   -0.2411       7.224   2.1817    1.0933   0.9083    0.05384   0.2354    
  1.1    9.524019   5982.0   0.191    4.349   1.161   -0.2411       7.224   2.1855    1.0933   0.9093    0.05382   0.2351    
  1.1    9.528118   5983.0   0.192    4.348   1.163   -0.2411       7.225   2.1893    1.0936   0.9149    0.0528    0.2349    
  1.1    9.532178   5984.0   0.194    4.347   1.165   -0.2411       7.226   2.1933    1.0936   0.916     0.05278   0.2346    
  1.1    9.536201   5985.0   0.196    4.345   1.167   -0.2411       7.227   2.1972    1.0936   0.917     0.05276   0.2343    
  1.1    9.540186   5986.0   0.198    4.344   1.169   -0.2411       7.228   2.2012    1.0936   0.9181    0.05274   0.2339    
  1.1    9.544135   5986.0   0.199    4.342   1.171   -0.2411       7.229   2.2052    1.0936   0.9192    0.05273   0.2336    
  1.1    9.548049   5987.0   0.201    4.341   1.173   -0.2411       7.229   2.2092    1.0936   0.9203    0.05271   0.2333    
  1.1    9.551928   5988.0   0.203    4.339   1.175   -0.2411       7.23    2.2133    1.0936   0.9214    0.05269   0.2329    
  1.1    9.555773   5989.0   0.204    4.338   1.177   -0.2411       7.231   2.2175    1.0936   0.9225    0.05267   0.2326    
  1.1    9.559583   5989.0   0.206    4.336   1.179   -0.2411       7.232   2.2217    1.0939   0.9284    0.05162   0.2325    
  1.1    9.56336    5990.0   0.208    4.335   1.181   -0.2411       7.233   2.2259    1.0939   0.9295    0.0516    0.2321    
  1.1    9.567105   5991.0   0.209    4.333   1.183   -0.2411       7.234   2.2301    1.0939   0.9307    0.05159   0.2318    
  1.1    9.570818   5991.0   0.211    4.332   1.185   -0.2411       7.235   2.2342    1.0939   0.9319    0.05157   0.2314    
  1.1    9.5745     5992.0   0.213    4.33    1.187   -0.2411       7.236   2.2384    1.0939   0.9331    0.05155   0.2311    
  1.1    9.578151   5993.0   0.215    4.328   1.189   -0.2411       7.237   2.2426    1.0939   0.9343    0.05154   0.2308    
  1.1    9.58177    5993.0   0.216    4.327   1.191   -0.2411       7.238   2.2468    1.0939   0.9356    0.05152   0.2304    
  1.1    9.58536    5994.0   0.218    4.325   1.193   -0.2411       7.239   2.2509    1.0939   0.9368    0.05151   0.2301    
  1.1    9.588921   5994.0   0.22     4.324   1.196   -0.2411       7.24    2.2551    1.0942   0.9431    0.05043   0.23      
  1.1    9.592453   5995.0   0.222    4.322   1.198   -0.2411       7.242   2.2593    1.0942   0.9444    0.05042   0.2297    
  1.1    9.595957   5995.0   0.223    4.321   1.2     -0.2411       7.243   2.2635    1.0942   0.9457    0.0504    0.2294    
  1.1    9.599431   5995.0   0.225    4.319   1.202   -0.2411       7.244   2.2677    1.0942   0.9471    0.05039   0.2291    
  1.1    9.602879   5996.0   0.227    4.317   1.204   -0.2411       7.245   2.2721    1.0942   0.9484    0.05038   0.2287    
  1.1    9.6063     5996.0   0.228    4.316   1.207   -0.2411       7.246   2.2765    1.0942   0.9498    0.05036   0.2284    
  1.1    9.609694   5996.0   0.23     4.314   1.209   -0.2411       7.247   2.2811    1.0942   0.9511    0.05035   0.2281    
  1.1    9.613061   5997.0   0.232    4.313   1.211   -0.2411       7.249   2.2858    1.0942   0.9525    0.05033   0.2278    
  1.1    9.616402   5997.0   0.233    4.311   1.213   -0.2411       7.25    2.2906    1.0942   0.954     0.05032   0.2275    
  1.1    9.619718   5997.0   0.235    4.309   1.216   -0.2411       7.251   2.2954    1.0942   0.9555    0.05031   0.2271    
  1.1    9.623009   5997.0   0.237    4.308   1.218   -0.2411       7.252   2.3003    1.0942   0.957     0.0503    0.2268    
  1.1    9.626276   5997.0   0.239    4.306   1.221   -0.2411       7.253   2.3052    1.0942   0.9585    0.05028   0.2265    
  1.1    9.629518   5997.0   0.24     4.304   1.223   -0.2411       7.254   2.31      1.0942   0.96      0.05027   0.2262    
  1.1    9.632735   5997.0   0.242    4.302   1.226   -0.2411       7.255   2.3151    1.0942   0.9616    0.05026   0.2259    
  1.1    9.635929   5997.0   0.244    4.301   1.228   -0.2411       7.256   2.3201    1.0945   0.9694    0.049     0.2258    
  1.1    9.6391     5997.0   0.246    4.299   1.23    -0.2411       7.258   2.325     1.0945   0.971     0.04899   0.2255    
  1.1    9.642248   5997.0   0.247    4.297   1.233   -0.2411       7.259   2.33      1.0945   0.9726    0.04898   0.2252    
  1.1    9.645373   5997.0   0.249    4.295   1.235   -0.2411       7.26    2.335     1.0945   0.9743    0.04897   0.2249    
  1.1    9.648476   5997.0   0.251    4.294   1.238   -0.2411       7.262   2.3398    1.0945   0.9759    0.04897   0.2246    
  1.1    9.651556   5997.0   0.253    4.292   1.24    -0.2411       7.263   2.3449    1.0945   0.9777    0.04896   0.2243    
  1.1    9.654615   5996.0   0.254    4.29    1.243   -0.2411       7.265   2.3497    1.0945   0.9795    0.04895   0.2241    
  1.1    9.657653   5996.0   0.256    4.288   1.245   -0.2411       7.267   2.3546    1.0945   0.9812    0.04894   0.2238    
  1.1    9.66067    5995.0   0.257    4.287   1.248   -0.2411       7.269   2.3593    1.0945   0.983     0.04894   0.2235    
  1.1    9.663666   5995.0   0.259    4.285   1.25    -0.2411       7.271   2.364     1.0945   0.9849    0.04893   0.2233    
  1.1    9.666641   5994.0   0.26     4.283   1.253   -0.2411       7.273   2.3686    1.0945   0.9867    0.04893   0.2231    
  1.1    9.669596   5993.0   0.262    4.281   1.255   -0.2411       7.275   2.3731    1.0945   0.9886    0.04893   0.2229    
  1.1    9.672531   5992.0   0.263    4.28    1.258   -0.2411       7.277   2.3775    1.0945   0.9906    0.04893   0.2227    
  1.1    9.675447   5991.0   0.265    4.278   1.26    -0.2411       7.279   2.3821    1.0945   0.9925    0.04893   0.2225    
  1.1    9.678343   5989.0   0.266    4.276   1.263   -0.2411       7.281   2.3807    1.0942   0.9881    0.05017   0.2221    
  1.1    9.681219   5988.0   0.267    4.275   1.265   -0.2411       7.283   2.376     1.0942   0.9901    0.05018   0.222     
  1.1    9.684077   5986.0   0.268    4.273   1.267   -0.2411       7.285   2.3715    1.0942   0.9922    0.05019   0.2219    
  1.1    9.686916   5984.0   0.269    4.272   1.269   -0.2411       7.287   2.3667    1.0942   0.9944    0.0502    0.2218    
  1.1    9.689737   5982.0   0.27     4.27    1.272   -0.2411       7.289   2.3664    1.0942   0.9967    0.05022   0.2218    
  1.1    9.692539   5979.0   0.271    4.269   1.274   -0.2411       7.291   2.3643    1.0942   0.999     0.05023   0.2218    
  1.1    9.695323   5976.0   0.271    4.267   1.276   -0.2411       7.292   2.3566    1.0939   0.9959    0.05131   0.2216    
  1.1    9.69809    5973.0   0.272    4.266   1.279   -0.2411       7.293   2.3503    1.0939   0.9984    0.05133   0.2216    
  1.1    9.70084    5971.0   0.273    4.264   1.281   -0.2411       7.295   2.3553    1.0939   1.001     0.05134   0.2215    
  1.1    9.703572   5968.0   0.274    4.262   1.284   -0.2411       7.296   2.3598    1.0939   1.004     0.05136   0.2215    
  1.1    9.706287   5965.0   0.275    4.26    1.286   -0.2411       7.297   2.3527    1.0936   1.001     0.05242   0.2214    
  1.1    9.708985   5961.0   0.275    4.259   1.288   -0.2411       7.298   2.3475    1.0936   1.004     0.05245   0.2214    
  1.1    9.711666   5959.0   0.277    4.257   1.291   -0.2411       7.3     2.3529    1.0936   1.006     0.05246   0.2213    
  1.1    9.714331   5956.0   0.277    4.255   1.294   -0.2411       7.301   2.3572    1.0933   1.004     0.05349   0.2211    
  1.1    9.716979   5951.0   0.278    4.254   1.296   -0.2411       7.302   2.3506    1.0933   1.007     0.05353   0.2213    
  1.1    9.719446   5948.0   0.278    4.252   1.299   -0.2411       7.302   2.3447    1.093    1.005     0.05453   0.2212    
  1.1    9.72149    5946.0   0.28     4.25    1.302   -0.2411       7.304   2.3508    1.093    1.008     0.05454   0.221     
  1.1    9.723931   5943.0   0.28     4.248   1.304   -0.2411       7.305   2.3542    1.093    1.01      0.05457   0.2211    
  1.1    9.726522   5939.0   0.281    4.247   1.307   -0.2411       7.307   2.3581    1.093    1.013     0.0546    0.2212    
  1.1    9.729027   5935.0   0.281    4.245   1.309   -0.2411       7.308   2.3562    1.0928   1.011     0.05559   0.2212    
  1.1    9.731103   5929.0   0.281    4.244   1.311   -0.2411       7.305   2.3331    1.0923   1.007     0.05705   0.2213    
  1.1    9.732826   5930.0   0.284    4.241   1.315   -0.2411       7.307   2.3429    1.0928   1.017     0.05562   0.2209    
  1.1    9.734885   5928.0   0.285    4.24    1.317   -0.2411       7.308   2.3457    1.0923   1.012     0.05703   0.2206    
  1.1    9.737267   5924.0   0.285    4.238   1.319   -0.2411       7.309   2.3488    1.0923   1.014     0.05706   0.2208    
  1.1    9.739454   5920.0   0.285    4.237   1.322   -0.2411       7.311   2.3525    1.0923   1.018     0.05711   0.221     
  1.1    9.741465   5916.0   0.286    4.235   1.324   -0.2411       7.312   2.3558    1.0919   1.014     0.05849   0.2208    
  1.1    9.743321   5913.0   0.286    4.234   1.326   -0.2411       7.314   2.3592    1.0919   1.016     0.05852   0.2209    
  1.1    9.74504    5909.0   0.287    4.232   1.329   -0.2411       7.315   2.3626    1.0919   1.019     0.05856   0.221     
  1.1    9.746638   5906.0   0.287    4.231   1.331   -0.2411       7.316   2.3661    1.0913   1.013     0.0603    0.2206    
  1.1    9.748129   5904.0   0.288    4.229   1.333   -0.2411       7.317   2.3695    1.0913   1.015     0.06033   0.2207    
  1.1    9.749368   5901.0   0.288    4.228   1.335   -0.2411       7.319   2.3727    1.0913   1.017     0.06036   0.2208    
  1.1    9.750848   5897.0   0.288    4.228   1.335   -0.2411       7.317   2.3603    1.0913   1.019     0.06042   0.2212    
  1.1    9.752079   5893.0   0.287    4.227   1.336   -0.2411       7.311   2.3295    1.0907   1.013     0.06213   0.2211    
  1.1    9.753102   5895.0   0.29     4.225   1.34    -0.2411       7.313   2.3375    1.0913   1.023     0.06042   0.2209    
  1.1    9.754326   5894.0   0.291    4.224   1.342   -0.2411       7.314   2.3402    1.0913   1.024     0.06042   0.2208    
  1.1    9.755791   5892.0   0.291    4.223   1.343   -0.2411       7.315   2.3424    1.0907   1.018     0.0621    0.2204    
  1.1    9.757542   5889.0   0.291    4.222   1.345   -0.2411       7.316   2.3447    1.0907   1.02      0.06214   0.2206    
  1.1    9.759198   5885.0   0.292    4.22    1.347   -0.2411       7.317   2.3473    1.0907   1.023     0.06218   0.2208    
  1.1    9.760756   5882.0   0.292    4.219   1.349   -0.2411       7.318   2.3499    1.0907   1.025     0.06222   0.2209    
  1.1    9.762228   5879.0   0.292    4.218   1.351   -0.2411       7.319   2.3526    1.0902   1.02      0.06385   0.2206    
  1.1    9.763618   5875.0   0.293    4.216   1.353   -0.2411       7.32    2.3552    1.0902   1.022     0.06389   0.2208    
  1.1    9.764934   5873.0   0.293    4.215   1.355   -0.2411       7.321   2.3579    1.0902   1.025     0.06393   0.2209    
  1.1    9.766184   5870.0   0.293    4.214   1.357   -0.2411       7.322   2.3605    1.0902   1.027     0.06396   0.221     
  1.1    9.76737    5867.0   0.294    4.213   1.358   -0.2411       7.323   2.3631    1.0896   1.021     0.06553   0.2207    
  1.1    9.768498   5865.0   0.294    4.212   1.36    -0.2411       7.324   2.3656    1.0896   1.023     0.06556   0.2208    
  1.1    9.769573   5863.0   0.294    4.211   1.362   -0.2411       7.324   2.3682    1.0896   1.025     0.06558   0.2208    
  1.1    9.770597   5861.0   0.295    4.21    1.363   -0.2411       7.325   2.3707    1.0896   1.027     0.06561   0.2209    
  1.1    9.771575   5859.0   0.295    4.209   1.365   -0.2411       7.326   2.3732    1.0896   1.029     0.06563   0.221     
  1.1    9.772509   5857.0   0.296    4.208   1.366   -0.2411       7.327   2.3757    1.0891   1.024     0.06693   0.2206    
  1.1    9.773403   5855.0   0.296    4.207   1.368   -0.2411       7.328   2.3777    1.0891   1.025     0.06695   0.2207    
  1.1    9.774256   5854.0   0.296    4.206   1.369   -0.2411       7.329   2.38      1.0891   1.027     0.06698   0.2208    
  1.1    9.77507    5852.0   0.297    4.205   1.37    -0.2411       7.329   2.3825    1.0891   1.028     0.06699   0.2208    
  1.1    9.775848   5851.0   0.297    4.204   1.372   -0.2411       7.33    2.3848    1.0891   1.03      0.06701   0.2208    
  1.1    9.776595   5850.0   0.298    4.204   1.373   -0.2411       7.331   2.3873    1.0891   1.031     0.06702   0.2208    
  1.1    9.777311   5849.0   0.298    4.203   1.374   -0.2411       7.332   2.3898    1.0891   1.032     0.06703   0.2208    
  1.1    9.777997   5848.0   0.299    4.202   1.375   -0.2411       7.332   2.3923    1.0891   1.033     0.06704   0.2208    
  1.1    9.778655   5847.0   0.299    4.201   1.377   -0.2411       7.333   2.3948    1.0891   1.034     0.06704   0.2207    
  1.1    9.779287   5847.0   0.3      4.201   1.378   -0.2411       7.334   2.3973    1.0886   1.029     0.06829   0.2203    
  1.1    9.779894   5846.0   0.3      4.2     1.379   -0.2411       7.335   2.3998    1.0886   1.03      0.06829   0.2202    
  1.1    9.780477   5846.0   0.301    4.199   1.38    -0.2411       7.335   2.4022    1.0886   1.031     0.06829   0.2201    
  1.1    9.781038   5845.0   0.301    4.199   1.381   -0.2411       7.336   2.4046    1.0886   1.031     0.06829   0.2201    
  1.1    9.781577   5845.0   0.302    4.198   1.382   -0.2411       7.337   2.4069    1.0886   1.032     0.06829   0.22      
  1.1    9.782096   5845.0   0.303    4.197   1.383   -0.2411       7.338   2.4093    1.0886   1.033     0.06829   0.2199    
  1.1    9.789029   5850.0   0.314    4.188   1.399   -0.2411       7.349   2.4476    1.0891   1.046     0.06686   0.218     
