# logmdot            
  -8.675923402616585 
  -8.142607201355087 
  -8.634886565720096 
  -8.568636235623156 
  -8.192329710887025 
  -8.56992495150074  
  -7.964170174331992 
  -8.462684735728647 
  -8.30120376629983  
  -8.696803954622315 
  -8.699621957142178 
  -8.688246150050922 
  -8.288361478283788 
  -8.67530610499587  
  -8.236497125196268 
  -8.323489270031905 
  -8.392652244457345 
  -7.730487061324847 
  -8.467882876138432 
  -8.568636235623156 
  -8.97881071091673  
  -8.247797831363835 
  -8.109411331097952 
  -8.108128153411954 
  -7.971835580792825 
  -8.611898817735504 
  -8.603800655698587 
  -8.234033578951252 
  -8.112495249804656 
  -8.757707097722719 
  -8.487582456954668 
  -9.131003101998528 
  -8.438898606909769 
  -8.206558862120907 
  -8.339324192579294 
  -8.481091413731301 
  -8.951169912009007 
  -8.249337338479007 
  -8.209855642799626 
  -8.803823815856159 
  -8.985479462613126 
  -8.715343711319152 
  -8.314347827679926 
  -8.58536084702376  
  -7.972242795560654 
  -9.183626107693687 
  -8.894149335025721 
  -8.212822996782242 
  -8.893129449746453 
  -8.242755860265694 
  -8.365623523688456 
  -8.664141106147186 
  -8.127028364335183 
  -8.537751795281112 
  -8.716472629324164 
  -8.395449950671336 
  -8.238448008898752 
  -8.036684494653104 
  -8.561457650410528 
  -8.18144421405712  
  -8.454692875074205 
  -7.9161391949994915
  -8.782252925848733 
  -8.018271986981414 
  -8.729321179628172 
  -8.231140009198443 
  -8.476123534609682 
  -7.81502479856276  
