# logmdot           
  -8.187153462710658
  -9.432738303055693
  -9.055024093964663
  -8.707079703766457
  -8.524328807993637
  -8.38668684959392 
  -9.194023638975711
  -8.934793852609719
  -9.36191028313118 
  -9.349206951350903
  -8.702458315690238
  -8.814174629598787
  -9.165515701318595
  -8.584859634115594
  -9.370590387600389
  -8.844967762268414
  -8.12726118830021 
  -9.181180498961478
  -8.585528058995845
  -9.082757152829263
  -9.005814847591907
  -9.335734192121455
  -9.240181123574665
  -8.635449010367953
  -9.238748941558292
  -8.960982677327674
  -9.580539926153142
  -8.349109920681045
  -8.977984242581815
  -8.67716072806387 
