# vsini_Kounkel
  31.2333      
  34.8729      
  50.9102      
  60.6599      
  5.80894      
  6.5619       
  7.11724      
  7.22998      
  7.30375      
  7.93125      
  8.59292      
  8.82409      
  8.93074      
  9.75156      
  9.77986      
  9.83226      
  9.86379      
  9.89617      
  10.0897      
  10.4861      
  10.5031      
  10.9627      
  11.4643      
  11.5114      
  11.5789      
  11.6192      
  12.0786      
  12.0917      
  12.1788      
  12.4866      
  12.5213      
  12.6931      
  13.0694      
  13.1663      
  13.4258      
  13.521       
  14.1033      
  14.2915      
  14.9135      
  15.1367      
  15.2715      
  16.0498      
  16.124       
  16.9044      
  17.1673      
  17.4564      
  17.6118      
  18.313       
  18.6161      
  20.3173      
  22.016       
  22.268       
  22.7272      
  23.199       
  24.2408      
  27.8721      
  29.3734      
  29.7771      
  30.4423      
  31.1234      
  40.5183      
  56.5101      
