# vsini_Kounkel
  0.0823153    
  5.96879      
  6.99771      
  7.06534      
  7.23951      
  7.42118      
  7.44418      
  7.71542      
  7.83041      
  8.09126      
  8.27346      
  8.52255      
  8.65255      
  8.78071      
  9.21988      
  9.28244      
  9.41054      
  9.46353      
  9.47269      
  9.53172      
  9.63632      
  9.68723      
  9.72494      
  9.73504      
  9.75507      
  10.0505      
  10.0896      
  10.1165      
  10.1412      
  10.2678      
  10.3195      
  10.4451      
  10.4566      
  10.4672      
  10.4881      
  10.6169      
  10.6645      
  10.7022      
  10.8287      
  11.0908      
  11.3601      
  11.3645      
  11.5131      
  11.5433      
  12.5771      
  12.6676      
  13.5666      
  13.6968      
  13.7299      
  13.7365      
  14.3203      
  14.3923      
  15.3452      
  15.8959      
  15.9968      
  16.0972      
  17.8372      
  18.6032      
  18.8413      
  18.8763      
  19.0352      
  19.0726      
  19.233       
  22.2665      
  24.4191      
  31.135       
  41.1645      
  43.2563      
