# vsini
1.142484293166465825e+01
2.169693815012507443e+01
4.376395205808151445e+01
1.442730778417878490e+01
1.217879129468469301e+01
1.123379850004338998e+01
8.510446154784420969e+01
1.542831389789489371e+01
9.915177367105822981e+00
1.220318547745645077e+01
9.413051853642954825e+01
4.643047657759188951e+01
3.134118881651427557e+01
1.285871577197953108e+01
1.544603593733920022e+01
1.573155714606093802e+01
1.573155714606093802e+01
4.390510745527986103e+01
1.299605776941170987e+01
8.394389829555339588e+01
1.905068509525770892e+01
4.663129323272048765e+01
9.376411333858239061e+01
2.897910710822691627e+01
9.163520606236767208e+01
2.361262690435674472e+01
1.185932212978106648e+01
2.973931413170895155e+01
1.808635493544580441e+01
2.197102061285949404e+01
9.156206349033818981e+01
1.519512053186587863e+01
3.063193688763094613e+01
3.904896292609483055e+01
1.283303103511094179e+01
1.846389738960090199e+01
2.303470087481372275e+01
8.105179701238408541e+01
1.081538105154134222e+01
1.370852163269358748e+01
2.231654665841898932e+01
4.160320157439700495e+01
4.281108055245550048e+01
5.326627599550214143e+01
1.381326680495527093e+01
1.262392090070408734e+01
1.107246283198848147e+01
1.079854948525438374e+01
6.090137010791294614e+01
1.223503666582290705e+01
1.816991965711444479e+01
4.268645191640483461e+01
1.491351850295071735e+01
1.606599398683350799e+01
1.690563621680338713e+01
1.281267302369460204e+01
1.123379850004338998e+01
1.542831389789489371e+01
9.915177367105822981e+00
1.442730778417878490e+01
1.547405594959989905e+01
4.438337045192170649e+01
1.149366270487178099e+01
1.327250927167682093e+01
1.758790719019104642e+01
4.522208297681491729e+01
1.149366270487178099e+01
2.042032605198571460e+01
1.647375652973617832e+01
1.153262863052725606e+01
1.294283210391018457e+01
1.239149747129158818e+01
4.319567221430728665e+01
2.001362683148416011e+01
1.200718149730580997e+01
1.113692667525749513e+01
2.914438469547010868e+01
2.453521797361393908e+01
2.453521797361393908e+01
1.537907379217725357e+01
8.946905632618840798e+01
2.951891273870379706e+01
2.266961900763720905e+01
6.500998363399202162e+01
2.167780798542804988e+01
1.518529933713011282e+01
1.518529933713011282e+01
2.652161858712217679e+01
1.039164499063467773e+01
6.500998363399202162e+01
1.145107426326381805e+01
2.888387947197921335e+01
1.495884911201970979e+01
9.524850718389599180e+00
4.154321460245520825e+01
1.126614436702620736e+01
1.285044938652703195e+01
3.755500793520468505e+01
1.555419729791047878e+01
1.458020708671817545e+01
